local e={}
e.__index=e
function e.Init()
e.indexData={}
e.indexData['type']={}
e.indexData['type']['1&bigd&1']={1010101,1010102,1010103,1010104,1010105,1010106,1010107,1010108,1010109,1010110,1010111,1010112,1010113,1010114,1010115,1010116,1010117,1010118,1010119,1010120,1010121,1010122,1010123,1010124,1010125,1010126,1010127,1010128,1010129,1010130,1010131,1010132,1010133,1010134,1010135,1010136,1010137,1010138,1010139,1010140,1010141,1010142,1010143,1010144,1010145,1010146,1010147,1010148,1010149,1010150,1010151,1010152,1010153,1010154,1010155,1010156,1010157,1010158,1010159,1010160}
e.indexData['type']['1&bigd&2']={1010201,1010202,1010203,1010204,1010205,1010206,1010207,1010208,1010209,1010210,1010211,1010212,1010213,1010214,1010215,1010216,1010217,1010218,1010219,1010220,1010221,1010222,1010223,1010224,1010225,1010226,1010227,1010228,1010229,1010230,1010231,1010232,1010233,1010234,1010235,1010236,1010237,1010238,1010239,1010240,1010241,1010242,1010243,1010244,1010245,1010246,1010247,1010248,1010249,1010250,1010251,1010252,1010253,1010254,1010255,1010256,1010257,1010258,1010259,1010260}
e.indexData['type']['1&bigd&3']={1010301,1010302,1010303,1010304,1010305,1010306,1010307,1010308,1010309,1010310,1010311,1010312,1010313,1010314,1010315,1010316,1010317,1010318,1010319,1010320,1010321,1010322,1010323,1010324,1010325,1010326,1010327,1010328,1010329,1010330,1010331,1010332,1010333,1010334,1010335,1010336,1010337,1010338,1010339,1010340,1010341,1010342,1010343,1010344,1010345,1010346,1010347,1010348,1010349,1010350,1010351,1010352,1010353,1010354,1010355,1010356,1010357,1010358,1010359,1010360}
e.indexData['type']['1&bigd&4']={1010401,1010402,1010403,1010404,1010405,1010406,1010407,1010408,1010409,1010410,1010411,1010412,1010413,1010414,1010415,1010416,1010417,1010418,1010419,1010420,1010421,1010422,1010423,1010424,1010425,1010426,1010427,1010428,1010429,1010430,1010431,1010432,1010433,1010434,1010435,1010436,1010437,1010438,1010439,1010440,1010441,1010442,1010443,1010444,1010445,1010446,1010447,1010448,1010449,1010450,1010451,1010452,1010453,1010454,1010455,1010456,1010457,1010458,1010459,1010460}
e.indexData['type']['2&bigd&1']={1020101,1020102,1020103,1020104,1020105,1020106,1020107,1020108,1020109,1020110,1020111,1020112,1020113,1020114,1020115,1020116,1020117,1020118,1020119,1020120,1020121,1020122,1020123,1020124,1020125,1020126,1020127,1020128,1020129,1020130,1020131,1020132,1020133,1020134,1020135,1020136,1020137,1020138,1020139,1020140,1020141,1020142,1020143,1020144,1020145,1020146,1020147,1020148,1020149,1020150,1020151,1020152,1020153,1020154,1020155,1020156,1020157,1020158,1020159,1020160}
e.indexData['type']['2&bigd&2']={1020201,1020202,1020203,1020204,1020205,1020206,1020207,1020208,1020209,1020210,1020211,1020212,1020213,1020214,1020215,1020216,1020217,1020218,1020219,1020220,1020221,1020222,1020223,1020224,1020225,1020226,1020227,1020228,1020229,1020230,1020231,1020232,1020233,1020234,1020235,1020236,1020237,1020238,1020239,1020240,1020241,1020242,1020243,1020244,1020245,1020246,1020247,1020248,1020249,1020250,1020251,1020252,1020253,1020254,1020255,1020256,1020257,1020258,1020259,1020260}
e.indexData['type']['2&bigd&3']={1020301,1020302,1020303,1020304,1020305,1020306,1020307,1020308,1020309,1020310,1020311,1020312,1020313,1020314,1020315,1020316,1020317,1020318,1020319,1020320,1020321,1020322,1020323,1020324,1020325,1020326,1020327,1020328,1020329,1020330,1020331,1020332,1020333,1020334,1020335,1020336,1020337,1020338,1020339,1020340,1020341,1020342,1020343,1020344,1020345,1020346,1020347,1020348,1020349,1020350,1020351,1020352,1020353,1020354,1020355,1020356,1020357,1020358,1020359,1020360}
e.indexData['type']['2&bigd&4']={1020401,1020402,1020403,1020404,1020405,1020406,1020407,1020408,1020409,1020410,1020411,1020412,1020413,1020414,1020415,1020416,1020417,1020418,1020419,1020420,1020421,1020422,1020423,1020424,1020425,1020426,1020427,1020428,1020429,1020430,1020431,1020432,1020433,1020434,1020435,1020436,1020437,1020438,1020439,1020440,1020441,1020442,1020443,1020444,1020445,1020446,1020447,1020448,1020449,1020450,1020451,1020452,1020453,1020454,1020455,1020456,1020457,1020458,1020459,1020460}
e.indexData['type']['3&bigd&1']={1030101,1030102,1030103,1030104,1030105,1030106,1030107,1030108,1030109,1030110,1030111,1030112,1030113,1030114,1030115,1030116,1030117,1030118,1030119,1030120,1030121,1030122,1030123,1030124,1030125,1030126,1030127,1030128,1030129,1030130,1030131,1030132,1030133,1030134,1030135,1030136,1030137,1030138,1030139,1030140,1030141,1030142,1030143,1030144,1030145,1030146,1030147,1030148,1030149,1030150,1030151,1030152,1030153,1030154,1030155,1030156,1030157,1030158,1030159,1030160}
e.indexData['type']['3&bigd&2']={1030201,1030202,1030203,1030204,1030205,1030206,1030207,1030208,1030209,1030210,1030211,1030212,1030213,1030214,1030215,1030216,1030217,1030218,1030219,1030220,1030221,1030222,1030223,1030224,1030225,1030226,1030227,1030228,1030229,1030230,1030231,1030232,1030233,1030234,1030235,1030236,1030237,1030238,1030239,1030240,1030241,1030242,1030243,1030244,1030245,1030246,1030247,1030248,1030249,1030250,1030251,1030252,1030253,1030254,1030255,1030256,1030257,1030258,1030259,1030260}
e.indexData['type']['3&bigd&3']={1030301,1030302,1030303,1030304,1030305,1030306,1030307,1030308,1030309,1030310,1030311,1030312,1030313,1030314,1030315,1030316,1030317,1030318,1030319,1030320,1030321,1030322,1030323,1030324,1030325,1030326,1030327,1030328,1030329,1030330,1030331,1030332,1030333,1030334,1030335,1030336,1030337,1030338,1030339,1030340,1030341,1030342,1030343,1030344,1030345,1030346,1030347,1030348,1030349,1030350,1030351,1030352,1030353,1030354,1030355,1030356,1030357,1030358,1030359,1030360}
e.indexData['type']['3&bigd&4']={1030401,1030402,1030403,1030404,1030405,1030406,1030407,1030408,1030409,1030410,1030411,1030412,1030413,1030414,1030415,1030416,1030417,1030418,1030419,1030420,1030421,1030422,1030423,1030424,1030425,1030426,1030427,1030428,1030429,1030430,1030431,1030432,1030433,1030434,1030435,1030436,1030437,1030438,1030439,1030440,1030441,1030442,1030443,1030444,1030445,1030446,1030447,1030448,1030449,1030450,1030451,1030452,1030453,1030454,1030455,1030456,1030457,1030458,1030459,1030460}
e.indexData['type']['4&bigd&1']={1040101,1040102,1040103,1040104,1040105,1040106,1040107,1040108,1040109,1040110,1040111,1040112,1040113,1040114,1040115,1040116,1040117,1040118,1040119,1040120,1040121,1040122,1040123,1040124,1040125,1040126,1040127,1040128,1040129,1040130,1040131,1040132,1040133,1040134,1040135,1040136,1040137,1040138,1040139,1040140,1040141,1040142,1040143,1040144,1040145,1040146,1040147,1040148,1040149,1040150,1040151,1040152,1040153,1040154,1040155,1040156,1040157,1040158,1040159,1040160}
e.indexData['type']['4&bigd&2']={1040201,1040202,1040203,1040204,1040205,1040206,1040207,1040208,1040209,1040210,1040211,1040212,1040213,1040214,1040215,1040216,1040217,1040218,1040219,1040220,1040221,1040222,1040223,1040224,1040225,1040226,1040227,1040228,1040229,1040230,1040231,1040232,1040233,1040234,1040235,1040236,1040237,1040238,1040239,1040240,1040241,1040242,1040243,1040244,1040245,1040246,1040247,1040248,1040249,1040250,1040251,1040252,1040253,1040254,1040255,1040256,1040257,1040258,1040259,1040260}
e.indexData['type']['4&bigd&3']={1040301,1040302,1040303,1040304,1040305,1040306,1040307,1040308,1040309,1040310,1040311,1040312,1040313,1040314,1040315,1040316,1040317,1040318,1040319,1040320,1040321,1040322,1040323,1040324,1040325,1040326,1040327,1040328,1040329,1040330,1040331,1040332,1040333,1040334,1040335,1040336,1040337,1040338,1040339,1040340,1040341,1040342,1040343,1040344,1040345,1040346,1040347,1040348,1040349,1040350,1040351,1040352,1040353,1040354,1040355,1040356,1040357,1040358,1040359,1040360}
e.indexData['type']['4&bigd&4']={1040401,1040402,1040403,1040404,1040405,1040406,1040407,1040408,1040409,1040410,1040411,1040412,1040413,1040414,1040415,1040416,1040417,1040418,1040419,1040420,1040421,1040422,1040423,1040424,1040425,1040426,1040427,1040428,1040429,1040430,1040431,1040432,1040433,1040434,1040435,1040436,1040437,1040438,1040439,1040440,1040441,1040442,1040443,1040444,1040445,1040446,1040447,1040448,1040449,1040450,1040451,1040452,1040453,1040454,1040455,1040456,1040457,1040458,1040459,1040460}
end
function e.GetByIndex(t,a)
if e.indexData[t]and e.indexData[t][a]then
return e.indexData[t][a]
else
return{}
end
end
return e

