local e=
{
ByIdx={
{1,{1,10,11,11,10,4,10,11,10,6,10,11,10,3,11,10,10,11,10,10,2,10,10,10,11,10,11,7,10,11,10}},
{2,{1,11,10,11,11,3,10,10,10,11,7,10,11,10,2,11,11,5,10,10,10,8,11,11,11,3,11,10,11,10,6,10,11,10,10,10,8,10,10,10,11,4,10,11,10,10,11,10}},
{3,{1,11,10,2,10,11,11,10,8,11,4,10,3,10,11,6,10,11,10,2,11,11,10,10,7,10,11,10,8,11,3,11,10,10,11,11,11,11,5,11,10,11,10,11,10,10,11,11,6,11,10,11,10,11,3,10,11,11}},
{4,{1,10,10,7,11,11,3,10,11,10,6,10,11,10,5,10,10,11,11,8,10,10,3,11,11,11,11,2,10,11,6,11,10,11,11,11,7,11,10,11,3,10,11,10,6,10,10,4,11,11,10,11,5,11,11,10,10,11,10,10,11,11,11,9,10,10,11,11,11,10,7,11,11,2,11,10,11,11,10,11,11,11,11,11}}
},
Len=4
}
return e 
