local e=
{
ByIdx={
{1,1001,1,1,100101,1,100101},
{2,1001,1,5,100101,5,100101},
{3,1001,1,5,100102,5,100102},
{4,1001,2,1,100102,1,100102},
{5,1001,2,6,0,6,0},
{6,1001,2,5,100103,5,100103},
{7,1001,3,4,100191,4,100191},
{8,1001,3,5,100104,5,100104},
{9,1001,3,5,100105,5,100105},
{10,1001,4,1,100103,1,100103},
{11,1001,4,5,100106,5,100106},
{12,1001,5,1,100104,1,100104},
{13,1001,5,5,100107,5,100107},
{14,1001,6,3,0,3,0},
{15,1001,6,5,100108,5,100108},
{16,1001,7,7,0,7,0},
{17,1001,7,5,100109,5,100109},
{18,1001,8,2,100181,2,100181},
{19,1001,8,5,100110,5,100110},
{20,1001,9,2,100182,2,100182},
{21,1001,9,5,100111,5,100111},
{22,1001,10,2,100183,2,100183},
{23,1001,10,5,100112,5,100112},
{24,1002,1,1,100201,1,100201},
{25,1002,1,5,100201,5,100201},
{26,1002,1,5,100202,5,100202},
{27,1002,2,1,100202,1,100202},
{28,1002,2,6,0,6,0},
{29,1002,2,5,100203,5,100203},
{30,1002,3,4,100291,4,100291},
{31,1002,3,5,100204,5,100204},
{32,1002,3,5,100205,5,100205},
{33,1002,4,1,100203,1,100203},
{34,1002,4,5,100206,5,100206},
{35,1002,5,1,100204,1,100204},
{36,1002,5,5,100207,5,100207},
{37,1002,6,3,0,3,0},
{38,1002,6,5,100208,5,100208},
{39,1002,7,7,0,7,0},
{40,1002,7,5,100209,5,100209},
{41,1002,8,2,100281,2,100281},
{42,1002,8,5,100210,5,100210},
{43,1002,9,2,100282,2,100282},
{44,1002,9,5,100211,5,100211},
{45,1002,10,2,100283,2,100283},
{46,1002,10,5,100212,5,100212},
{47,1003,1,1,100301,1,100301},
{48,1003,1,5,100301,5,100301},
{49,1003,1,5,100302,5,100302},
{50,1003,2,1,100302,1,100302},
{51,1003,2,6,0,6,0},
{52,1003,2,5,100303,5,100303},
{53,1003,3,4,100391,4,100391},
{54,1003,3,5,100304,5,100304},
{55,1003,3,5,100305,5,100305},
{56,1003,4,1,100303,1,100303},
{57,1003,4,5,100306,5,100306},
{58,1003,5,1,100304,1,100304},
{59,1003,5,5,100307,5,100307},
{60,1003,6,3,0,3,0},
{61,1003,6,5,100308,5,100308},
{62,1003,7,7,0,7,0},
{63,1003,7,5,100309,5,100309},
{64,1003,8,2,100381,2,100381},
{65,1003,8,5,100310,5,100310},
{66,1003,9,2,100382,2,100382},
{67,1003,9,5,100311,5,100311},
{68,1003,10,2,100383,2,100383},
{69,1003,10,5,100312,5,100312},
{70,1004,1,1,100401,1,100401},
{71,1004,1,5,100401,5,100401},
{72,1004,1,5,100402,5,100402},
{73,1004,2,1,100402,1,100402},
{74,1004,2,6,0,6,0},
{75,1004,2,5,100403,5,100403},
{76,1004,3,4,100491,4,100491},
{77,1004,3,5,100404,5,100404},
{78,1004,3,5,100405,5,100405},
{79,1004,4,1,100403,1,100403},
{80,1004,4,5,100406,5,100406},
{81,1004,5,1,100404,1,100404},
{82,1004,5,5,100407,5,100407},
{83,1004,6,3,0,3,0},
{84,1004,6,5,100408,5,100408},
{85,1004,7,7,0,7,0},
{86,1004,7,5,100409,5,100409},
{87,1004,8,2,100481,2,100481},
{88,1004,8,5,100410,5,100410},
{89,1004,9,2,100482,2,100482},
{90,1004,9,5,100411,5,100411},
{91,1004,10,2,100483,2,100483},
{92,1004,10,5,100412,5,100412},
{93,1005,1,1,100501,1,100501},
{94,1005,1,5,100501,5,100501},
{95,1005,1,5,100502,5,100502},
{96,1005,2,1,100502,1,100502},
{97,1005,2,6,0,6,0},
{98,1005,2,5,100503,5,100503},
{99,1005,3,4,100591,4,100591},
{100,1005,3,5,100504,5,100504},
{101,1005,3,5,100505,5,100505},
{102,1005,4,1,100503,1,100503},
{103,1005,4,5,100506,5,100506},
{104,1005,5,1,100504,1,100504},
{105,1005,5,5,100507,5,100507},
{106,1005,6,3,0,3,0},
{107,1005,6,5,100508,5,100508},
{108,1005,7,7,0,7,0},
{109,1005,7,5,100509,5,100509},
{110,1005,8,2,100581,2,100581},
{111,1005,8,5,100510,5,100510},
{112,1005,9,2,100582,2,100582},
{113,1005,9,5,100511,5,100511},
{114,1005,10,2,100583,2,100583},
{115,1005,10,5,100512,5,100512},
{116,1006,1,1,100601,1,100601},
{117,1006,1,5,100601,5,100601},
{118,1006,1,5,100602,5,100602},
{119,1006,2,1,100602,1,100602},
{120,1006,2,6,0,6,0},
{121,1006,2,5,100603,5,100603},
{122,1006,3,4,100691,4,100691},
{123,1006,3,5,100604,5,100604},
{124,1006,3,5,100605,5,100605},
{125,1006,4,1,100603,1,100603},
{126,1006,4,5,100606,5,100606},
{127,1006,5,1,100604,1,100604},
{128,1006,5,5,100607,5,100607},
{129,1006,6,3,0,3,0},
{130,1006,6,5,100608,5,100608},
{131,1006,7,7,0,7,0},
{132,1006,7,5,100609,5,100609},
{133,1006,8,2,100681,2,100681},
{134,1006,8,5,100610,5,100610},
{135,1006,9,2,100682,2,100682},
{136,1006,9,5,100611,5,100611},
{137,1006,10,2,100683,2,100683},
{138,1006,10,5,100612,5,100612},
{139,1007,1,1,100701,1,100701},
{140,1007,1,5,100701,5,100701},
{141,1007,1,5,100702,5,100702},
{142,1007,2,1,100702,1,100702},
{143,1007,2,6,0,6,0},
{144,1007,2,5,100703,5,100703},
{145,1007,3,4,100791,4,100791},
{146,1007,3,5,100704,5,100704},
{147,1007,3,5,100705,5,100705},
{148,1007,4,1,100703,1,100703},
{149,1007,4,5,100706,5,100706},
{150,1007,5,1,100704,1,100704},
{151,1007,5,5,100707,5,100707},
{152,1007,6,3,0,3,0},
{153,1007,6,5,100708,5,100708},
{154,1007,7,7,0,7,0},
{155,1007,7,5,100709,5,100709},
{156,1007,8,2,100781,2,100781},
{157,1007,8,5,100710,5,100710},
{158,1007,9,2,100782,2,100782},
{159,1007,9,5,100711,5,100711},
{160,1007,10,2,100783,2,100783},
{161,1007,10,5,100712,5,100712},
{162,1008,1,1,100801,1,100801},
{163,1008,1,5,100801,5,100801},
{164,1008,1,5,100802,5,100802},
{165,1008,2,1,100802,1,100802},
{166,1008,2,6,0,6,0},
{167,1008,2,5,100803,5,100803},
{168,1008,3,4,100891,4,100891},
{169,1008,3,5,100804,5,100804},
{170,1008,3,5,100805,5,100805},
{171,1008,4,1,100803,1,100803},
{172,1008,4,5,100806,5,100806},
{173,1008,5,1,100804,1,100804},
{174,1008,5,5,100807,5,100807},
{175,1008,6,3,0,3,0},
{176,1008,6,5,100808,5,100808},
{177,1008,7,7,0,7,0},
{178,1008,7,5,100809,5,100809},
{179,1008,8,2,100881,2,100881},
{180,1008,8,5,100810,5,100810},
{181,1008,9,2,100882,2,100882},
{182,1008,9,5,100811,5,100811},
{183,1008,10,2,100883,2,100883},
{184,1008,10,5,100812,5,100812},
{185,1009,1,1,100901,1,100901},
{186,1009,1,5,100901,5,100901},
{187,1009,1,5,100902,5,100902},
{188,1009,2,1,100902,1,100902},
{189,1009,2,6,0,6,0},
{190,1009,2,5,100903,5,100903},
{191,1009,3,4,100991,4,100991},
{192,1009,3,5,100904,5,100904},
{193,1009,3,5,100905,5,100905},
{194,1009,4,1,100903,1,100903},
{195,1009,4,5,100906,5,100906},
{196,1009,5,1,100904,1,100904},
{197,1009,5,5,100907,5,100907},
{198,1009,6,3,0,3,0},
{199,1009,6,5,100908,5,100908},
{200,1009,7,7,0,7,0},
{201,1009,7,5,100909,5,100909},
{202,1009,8,2,100981,2,100981},
{203,1009,8,5,100910,5,100910},
{204,1009,9,2,100982,2,100982},
{205,1009,9,5,100911,5,100911},
{206,1009,10,2,100983,2,100983},
{207,1009,10,5,100912,5,100912},
{208,1010,1,1,101001,1,101001},
{209,1010,1,5,101001,5,101001},
{210,1010,1,5,101002,5,101002},
{211,1010,2,1,101002,1,101002},
{212,1010,2,6,0,6,0},
{213,1010,2,5,101003,5,101003},
{214,1010,3,4,101091,4,101091},
{215,1010,3,5,101004,5,101004},
{216,1010,3,5,101005,5,101005},
{217,1010,4,1,101003,1,101003},
{218,1010,4,5,101006,5,101006},
{219,1010,5,1,101004,1,101004},
{220,1010,5,5,101007,5,101007},
{221,1010,6,3,0,3,0},
{222,1010,6,5,101008,5,101008},
{223,1010,7,7,0,7,0},
{224,1010,7,5,101009,5,101009},
{225,1010,8,2,101081,2,101081},
{226,1010,8,5,101010,5,101010},
{227,1010,9,2,101082,2,101082},
{228,1010,9,5,101011,5,101011},
{229,1010,10,2,101083,2,101083},
{230,1010,10,5,101012,5,101012},
{231,1011,1,1,101101,1,101101},
{232,1011,1,5,101101,5,101101},
{233,1011,1,5,101102,5,101102},
{234,1011,2,1,101102,1,101102},
{235,1011,2,6,0,6,0},
{236,1011,2,5,101103,5,101103},
{237,1011,3,4,101191,4,101191},
{238,1011,3,5,101104,5,101104},
{239,1011,3,5,101105,5,101105},
{240,1011,4,1,101103,1,101103},
{241,1011,4,5,101106,5,101106},
{242,1011,5,1,101104,1,101104},
{243,1011,5,5,101107,5,101107},
{244,1011,6,3,0,3,0},
{245,1011,6,5,101108,5,101108},
{246,1011,7,7,0,7,0},
{247,1011,7,5,101109,5,101109},
{248,1011,8,2,101181,2,101181},
{249,1011,8,5,101110,5,101110},
{250,1011,9,2,101182,2,101182},
{251,1011,9,5,101111,5,101111},
{252,1011,10,2,101183,2,101183},
{253,1011,10,5,101112,5,101112},
{254,1012,1,1,101201,1,101201},
{255,1012,1,5,101201,5,101201},
{256,1012,1,5,101202,5,101202},
{257,1012,2,1,101202,1,101202},
{258,1012,2,6,0,6,0},
{259,1012,2,5,101203,5,101203},
{260,1012,3,4,101291,4,101291},
{261,1012,3,5,101204,5,101204},
{262,1012,3,5,101205,5,101205},
{263,1012,4,1,101203,1,101203},
{264,1012,4,5,101206,5,101206},
{265,1012,5,1,101204,1,101204},
{266,1012,5,5,101207,5,101207},
{267,1012,6,3,0,3,0},
{268,1012,6,5,101208,5,101208},
{269,1012,7,7,0,7,0},
{270,1012,7,5,101209,5,101209},
{271,1012,8,2,101281,2,101281},
{272,1012,8,5,101210,5,101210},
{273,1012,9,2,101282,2,101282},
{274,1012,9,5,101211,5,101211},
{275,1012,10,2,101283,2,101283},
{276,1012,10,5,101212,5,101212},
{277,1013,1,1,101301,1,101301},
{278,1013,1,5,101301,5,101301},
{279,1013,1,5,101302,5,101302},
{280,1013,2,1,101302,1,101302},
{281,1013,2,6,0,6,0},
{282,1013,2,5,101303,5,101303},
{283,1013,3,4,101391,4,101391},
{284,1013,3,5,101304,5,101304},
{285,1013,3,5,101305,5,101305},
{286,1013,4,1,101303,1,101303},
{287,1013,4,5,101306,5,101306},
{288,1013,5,1,101304,1,101304},
{289,1013,5,5,101307,5,101307},
{290,1013,6,3,0,3,0},
{291,1013,6,5,101308,5,101308},
{292,1013,7,7,0,7,0},
{293,1013,7,5,101309,5,101309},
{294,1013,8,2,101381,2,101381},
{295,1013,8,5,101310,5,101310},
{296,1013,9,2,101382,2,101382},
{297,1013,9,5,101311,5,101311},
{298,1013,10,2,101383,2,101383},
{299,1013,10,5,101312,5,101312},
{300,1014,1,1,101401,1,101401},
{301,1014,1,5,101401,5,101401},
{302,1014,1,5,101402,5,101402},
{303,1014,2,1,101402,1,101402},
{304,1014,2,6,0,6,0},
{305,1014,2,5,101403,5,101403},
{306,1014,3,4,101491,4,101491},
{307,1014,3,5,101404,5,101404},
{308,1014,3,5,101405,5,101405},
{309,1014,4,1,101403,1,101403},
{310,1014,4,5,101406,5,101406},
{311,1014,5,1,101404,1,101404},
{312,1014,5,5,101407,5,101407},
{313,1014,6,3,0,3,0},
{314,1014,6,5,101408,5,101408},
{315,1014,7,7,0,7,0},
{316,1014,7,5,101409,5,101409},
{317,1014,8,2,101481,2,101481},
{318,1014,8,5,101410,5,101410},
{319,1014,9,2,101482,2,101482},
{320,1014,9,5,101411,5,101411},
{321,1014,10,2,101483,2,101483},
{322,1014,10,5,101412,5,101412},
{323,1015,1,1,101501,1,101501},
{324,1015,1,5,101501,5,101501},
{325,1015,1,5,101502,5,101502},
{326,1015,2,1,101502,1,101502},
{327,1015,2,6,0,6,0},
{328,1015,2,5,101503,5,101503},
{329,1015,3,4,101591,4,101591},
{330,1015,3,5,101504,5,101504},
{331,1015,3,5,101505,5,101505},
{332,1015,4,1,101503,1,101503},
{333,1015,4,5,101506,5,101506},
{334,1015,5,1,101504,1,101504},
{335,1015,5,5,101507,5,101507},
{336,1015,6,3,0,3,0},
{337,1015,6,5,101508,5,101508},
{338,1015,7,7,0,7,0},
{339,1015,7,5,101509,5,101509},
{340,1015,8,2,101581,2,101581},
{341,1015,8,5,101510,5,101510},
{342,1015,9,2,101582,2,101582},
{343,1015,9,5,101511,5,101511},
{344,1015,10,2,101583,2,101583},
{345,1015,10,5,101512,5,101512},
{346,1016,1,1,101601,1,101601},
{347,1016,1,5,101601,5,101601},
{348,1016,1,5,101602,5,101602},
{349,1016,2,1,101602,1,101602},
{350,1016,2,6,0,6,0},
{351,1016,2,5,101603,5,101603},
{352,1016,3,4,101691,4,101691},
{353,1016,3,5,101604,5,101604},
{354,1016,3,5,101605,5,101605},
{355,1016,4,1,101603,1,101603},
{356,1016,4,5,101606,5,101606},
{357,1016,5,1,101604,1,101604},
{358,1016,5,5,101607,5,101607},
{359,1016,6,3,0,3,0},
{360,1016,6,5,101608,5,101608},
{361,1016,7,7,0,7,0},
{362,1016,7,5,101609,5,101609},
{363,1016,8,2,101681,2,101681},
{364,1016,8,5,101610,5,101610},
{365,1016,9,2,101682,2,101682},
{366,1016,9,5,101611,5,101611},
{367,1016,10,2,101683,2,101683},
{368,1016,10,5,101612,5,101612},
{369,1017,1,1,101701,1,101701},
{370,1017,1,5,101701,5,101701},
{371,1017,1,5,101702,5,101702},
{372,1017,2,1,101702,1,101702},
{373,1017,2,6,0,6,0},
{374,1017,2,5,101703,5,101703},
{375,1017,3,4,101791,4,101791},
{376,1017,3,5,101704,5,101704},
{377,1017,3,5,101705,5,101705},
{378,1017,4,1,101703,1,101703},
{379,1017,4,5,101706,5,101706},
{380,1017,5,1,101704,1,101704},
{381,1017,5,5,101707,5,101707},
{382,1017,6,3,0,3,0},
{383,1017,6,5,101708,5,101708},
{384,1017,7,7,0,7,0},
{385,1017,7,5,101709,5,101709},
{386,1017,8,2,101781,2,101781},
{387,1017,8,5,101710,5,101710},
{388,1017,9,2,101782,2,101782},
{389,1017,9,5,101711,5,101711},
{390,1017,10,2,101783,2,101783},
{391,1017,10,5,101712,5,101712},
{392,1018,1,1,101801,1,101801},
{393,1018,1,5,101801,5,101801},
{394,1018,1,5,101802,5,101802},
{395,1018,2,1,101802,1,101802},
{396,1018,2,6,0,6,0},
{397,1018,2,5,101803,5,101803},
{398,1018,3,4,101891,4,101891},
{399,1018,3,5,101804,5,101804},
{400,1018,3,5,101805,5,101805},
{401,1018,4,1,101803,1,101803},
{402,1018,4,5,101806,5,101806},
{403,1018,5,1,101804,1,101804},
{404,1018,5,5,101807,5,101807},
{405,1018,6,3,0,3,0},
{406,1018,6,5,101808,5,101808},
{407,1018,7,7,0,7,0},
{408,1018,7,5,101809,5,101809},
{409,1018,8,2,101881,2,101881},
{410,1018,8,5,101810,5,101810},
{411,1018,9,2,101882,2,101882},
{412,1018,9,5,101811,5,101811},
{413,1018,10,2,101883,2,101883},
{414,1018,10,5,101812,5,101812},
{415,1019,1,1,101901,1,101901},
{416,1019,1,5,101901,5,101901},
{417,1019,1,5,101902,5,101902},
{418,1019,2,1,101902,1,101902},
{419,1019,2,6,0,6,0},
{420,1019,2,5,101903,5,101903},
{421,1019,3,4,101991,4,101991},
{422,1019,3,5,101904,5,101904},
{423,1019,3,5,101905,5,101905},
{424,1019,4,1,101903,1,101903},
{425,1019,4,5,101906,5,101906},
{426,1019,5,1,101904,1,101904},
{427,1019,5,5,101907,5,101907},
{428,1019,6,3,0,3,0},
{429,1019,6,5,101908,5,101908},
{430,1019,7,7,0,7,0},
{431,1019,7,5,101909,5,101909},
{432,1019,8,2,101981,2,101981},
{433,1019,8,5,101910,5,101910},
{434,1019,9,2,101982,2,101982},
{435,1019,9,5,101911,5,101911},
{436,1019,10,2,101983,2,101983},
{437,1019,10,5,101912,5,101912},
{438,1020,1,1,102001,1,102001},
{439,1020,1,5,102001,5,102001},
{440,1020,1,5,102002,5,102002},
{441,1020,2,1,102002,1,102002},
{442,1020,2,6,0,6,0},
{443,1020,2,5,102003,5,102003},
{444,1020,3,4,102091,4,102091},
{445,1020,3,5,102004,5,102004},
{446,1020,3,5,102005,5,102005},
{447,1020,4,1,102003,1,102003},
{448,1020,4,5,102006,5,102006},
{449,1020,5,1,102004,1,102004},
{450,1020,5,5,102007,5,102007},
{451,1020,6,3,0,3,0},
{452,1020,6,5,102008,5,102008},
{453,1020,7,7,0,7,0},
{454,1020,7,5,102009,5,102009},
{455,1020,8,2,102081,2,102081},
{456,1020,8,5,102010,5,102010},
{457,1020,9,2,102082,2,102082},
{458,1020,9,5,102011,5,102011},
{459,1020,10,2,102083,2,102083},
{460,1020,10,5,102012,5,102012},
{461,1021,1,1,102101,1,102101},
{462,1021,1,5,102101,5,102101},
{463,1021,1,5,102102,5,102102},
{464,1021,2,1,102102,1,102102},
{465,1021,2,6,0,6,0},
{466,1021,2,5,102103,5,102103},
{467,1021,3,4,102191,4,102191},
{468,1021,3,5,102104,5,102104},
{469,1021,3,5,102105,5,102105},
{470,1021,4,1,102103,1,102103},
{471,1021,4,5,102106,5,102106},
{472,1021,5,1,102104,1,102104},
{473,1021,5,5,102107,5,102107},
{474,1021,6,3,0,3,0},
{475,1021,6,5,102108,5,102108},
{476,1021,7,7,0,7,0},
{477,1021,7,5,102109,5,102109},
{478,1021,8,2,102181,2,102181},
{479,1021,8,5,102110,5,102110},
{480,1021,9,2,102182,2,102182},
{481,1021,9,5,102111,5,102111},
{482,1021,10,2,102183,2,102183},
{483,1021,10,5,102112,5,102112},
{484,1022,1,1,102201,1,102201},
{485,1022,1,5,102201,5,102201},
{486,1022,1,5,102202,5,102202},
{487,1022,2,1,102202,1,102202},
{488,1022,2,6,0,6,0},
{489,1022,2,5,102203,5,102203},
{490,1022,3,4,102291,4,102291},
{491,1022,3,5,102204,5,102204},
{492,1022,3,5,102205,5,102205},
{493,1022,4,1,102203,1,102203},
{494,1022,4,5,102206,5,102206},
{495,1022,5,1,102204,1,102204},
{496,1022,5,5,102207,5,102207},
{497,1022,6,3,0,3,0},
{498,1022,6,5,102208,5,102208},
{499,1022,7,7,0,7,0},
{500,1022,7,5,102209,5,102209},
{501,1022,8,2,102281,2,102281},
{502,1022,8,5,102210,5,102210},
{503,1022,9,2,102282,2,102282},
{504,1022,9,5,102211,5,102211},
{505,1022,10,2,102283,2,102283},
{506,1022,10,5,102212,5,102212},
{507,1023,1,1,102301,1,102301},
{508,1023,1,5,102301,5,102301},
{509,1023,1,5,102302,5,102302},
{510,1023,2,1,102302,1,102302},
{511,1023,2,6,0,6,0},
{512,1023,2,5,102303,5,102303},
{513,1023,3,4,102391,4,102391},
{514,1023,3,5,102304,5,102304},
{515,1023,3,5,102305,5,102305},
{516,1023,4,1,102303,1,102303},
{517,1023,4,5,102306,5,102306},
{518,1023,5,1,102304,1,102304},
{519,1023,5,5,102307,5,102307},
{520,1023,6,3,0,3,0},
{521,1023,6,5,102308,5,102308},
{522,1023,7,7,0,7,0},
{523,1023,7,5,102309,5,102309},
{524,1023,8,2,102381,2,102381},
{525,1023,8,5,102310,5,102310},
{526,1023,9,2,102382,2,102382},
{527,1023,9,5,102311,5,102311},
{528,1023,10,2,102383,2,102383},
{529,1023,10,5,102312,5,102312},
{530,1024,1,1,102401,1,102401},
{531,1024,1,5,102401,5,102401},
{532,1024,1,5,102402,5,102402},
{533,1024,2,1,102402,1,102402},
{534,1024,2,6,0,6,0},
{535,1024,2,5,102403,5,102403},
{536,1024,3,4,102491,4,102491},
{537,1024,3,5,102404,5,102404},
{538,1024,3,5,102405,5,102405},
{539,1024,4,1,102403,1,102403},
{540,1024,4,5,102406,5,102406},
{541,1024,5,1,102404,1,102404},
{542,1024,5,5,102407,5,102407},
{543,1024,6,3,0,3,0},
{544,1024,6,5,102408,5,102408},
{545,1024,7,7,0,7,0},
{546,1024,7,5,102409,5,102409},
{547,1024,8,2,102481,2,102481},
{548,1024,8,5,102410,5,102410},
{549,1024,9,2,102482,2,102482},
{550,1024,9,5,102411,5,102411},
{551,1024,10,2,102483,2,102483},
{552,1024,10,5,102412,5,102412},
{553,1025,1,1,102501,1,102501},
{554,1025,1,5,102501,5,102501},
{555,1025,1,5,102502,5,102502},
{556,1025,2,1,102502,1,102502},
{557,1025,2,6,0,6,0},
{558,1025,2,5,102503,5,102503},
{559,1025,3,4,102591,4,102591},
{560,1025,3,5,102504,5,102504},
{561,1025,3,5,102505,5,102505},
{562,1025,4,1,102503,1,102503},
{563,1025,4,5,102506,5,102506},
{564,1025,5,1,102504,1,102504},
{565,1025,5,5,102507,5,102507},
{566,1025,6,3,0,3,0},
{567,1025,6,5,102508,5,102508},
{568,1025,7,7,0,7,0},
{569,1025,7,5,102509,5,102509},
{570,1025,8,2,102581,2,102581},
{571,1025,8,5,102510,5,102510},
{572,1025,9,2,102582,2,102582},
{573,1025,9,5,102511,5,102511},
{574,1025,10,2,102583,2,102583},
{575,1025,10,5,102512,5,102512},
{576,1026,1,1,102601,1,102601},
{577,1026,1,5,102601,5,102601},
{578,1026,1,5,102602,5,102602},
{579,1026,2,1,102602,1,102602},
{580,1026,2,6,0,6,0},
{581,1026,2,5,102603,5,102603},
{582,1026,3,4,102691,4,102691},
{583,1026,3,5,102604,5,102604},
{584,1026,3,5,102605,5,102605},
{585,1026,4,1,102603,1,102603},
{586,1026,4,5,102606,5,102606},
{587,1026,5,1,102604,1,102604},
{588,1026,5,5,102607,5,102607},
{589,1026,6,3,0,3,0},
{590,1026,6,5,102608,5,102608},
{591,1026,7,7,0,7,0},
{592,1026,7,5,102609,5,102609},
{593,1026,8,2,102681,2,102681},
{594,1026,8,5,102610,5,102610},
{595,1026,9,2,102682,2,102682},
{596,1026,9,5,102611,5,102611},
{597,1026,10,2,102683,2,102683},
{598,1026,10,5,102612,5,102612},
{599,1027,1,1,102701,1,102701},
{600,1027,1,5,102701,5,102701},
{601,1027,1,5,102702,5,102702},
{602,1027,2,1,102702,1,102702},
{603,1027,2,6,0,6,0},
{604,1027,2,5,102703,5,102703},
{605,1027,3,4,102791,4,102791},
{606,1027,3,5,102704,5,102704},
{607,1027,3,5,102705,5,102705},
{608,1027,4,1,102703,1,102703},
{609,1027,4,5,102706,5,102706},
{610,1027,5,1,102704,1,102704},
{611,1027,5,5,102707,5,102707},
{612,1027,6,3,0,3,0},
{613,1027,6,5,102708,5,102708},
{614,1027,7,7,0,7,0},
{615,1027,7,5,102709,5,102709},
{616,1027,8,2,102781,2,102781},
{617,1027,8,5,102710,5,102710},
{618,1027,9,2,102782,2,102782},
{619,1027,9,5,102711,5,102711},
{620,1027,10,2,102783,2,102783},
{621,1027,10,5,102712,5,102712},
{622,1028,1,1,102801,1,102801},
{623,1028,1,5,102801,5,102801},
{624,1028,1,5,102802,5,102802},
{625,1028,2,1,102802,1,102802},
{626,1028,2,6,0,6,0},
{627,1028,2,5,102803,5,102803},
{628,1028,3,4,102891,4,102891},
{629,1028,3,5,102804,5,102804},
{630,1028,3,5,102805,5,102805},
{631,1028,4,1,102803,1,102803},
{632,1028,4,5,102806,5,102806},
{633,1028,5,1,102804,1,102804},
{634,1028,5,5,102807,5,102807},
{635,1028,6,3,0,3,0},
{636,1028,6,5,102808,5,102808},
{637,1028,7,7,0,7,0},
{638,1028,7,5,102809,5,102809},
{639,1028,8,2,102881,2,102881},
{640,1028,8,5,102810,5,102810},
{641,1028,9,2,102882,2,102882},
{642,1028,9,5,102811,5,102811},
{643,1028,10,2,102883,2,102883},
{644,1028,10,5,102812,5,102812},
{645,1029,1,1,102901,1,102901},
{646,1029,1,5,102901,5,102901},
{647,1029,1,5,102902,5,102902},
{648,1029,2,1,102902,1,102902},
{649,1029,2,6,0,6,0},
{650,1029,2,5,102903,5,102903},
{651,1029,3,4,102991,4,102991},
{652,1029,3,5,102904,5,102904},
{653,1029,3,5,102905,5,102905},
{654,1029,4,1,102903,1,102903},
{655,1029,4,5,102906,5,102906},
{656,1029,5,1,102904,1,102904},
{657,1029,5,5,102907,5,102907},
{658,1029,6,3,0,3,0},
{659,1029,6,5,102908,5,102908},
{660,1029,7,7,0,7,0},
{661,1029,7,5,102909,5,102909},
{662,1029,8,2,102981,2,102981},
{663,1029,8,5,102910,5,102910},
{664,1029,9,2,102982,2,102982},
{665,1029,9,5,102911,5,102911},
{666,1029,10,2,102983,2,102983},
{667,1029,10,5,102912,5,102912},
{668,1030,1,1,103001,1,103001},
{669,1030,1,5,103001,5,103001},
{670,1030,1,5,103002,5,103002},
{671,1030,2,1,103002,1,103002},
{672,1030,2,6,0,6,0},
{673,1030,2,5,103003,5,103003},
{674,1030,3,4,103091,4,103091},
{675,1030,3,5,103004,5,103004},
{676,1030,3,5,103005,5,103005},
{677,1030,4,1,103003,1,103003},
{678,1030,4,5,103006,5,103006},
{679,1030,5,1,103004,1,103004},
{680,1030,5,5,103007,5,103007},
{681,1030,6,3,0,3,0},
{682,1030,6,5,103008,5,103008},
{683,1030,7,7,0,7,0},
{684,1030,7,5,103009,5,103009},
{685,1030,8,2,103081,2,103081},
{686,1030,8,5,103010,5,103010},
{687,1030,9,2,103082,2,103082},
{688,1030,9,5,103011,5,103011},
{689,1030,10,2,103083,2,103083},
{690,1030,10,5,103012,5,103012},
{691,1031,1,1,103101,1,103101},
{692,1031,1,5,103101,5,103101},
{693,1031,1,5,103102,5,103102},
{694,1031,2,1,103102,1,103102},
{695,1031,2,6,0,6,0},
{696,1031,2,5,103103,5,103103},
{697,1031,3,4,103191,4,103191},
{698,1031,3,5,103104,5,103104},
{699,1031,3,5,103105,5,103105},
{700,1031,4,1,103103,1,103103},
{701,1031,4,5,103106,5,103106},
{702,1031,5,1,103104,1,103104},
{703,1031,5,5,103107,5,103107},
{704,1031,6,3,0,3,0},
{705,1031,6,5,103108,5,103108},
{706,1031,7,7,0,7,0},
{707,1031,7,5,103109,5,103109},
{708,1031,8,2,103181,2,103181},
{709,1031,8,5,103110,5,103110},
{710,1031,9,2,103182,2,103182},
{711,1031,9,5,103111,5,103111},
{712,1031,10,2,103183,2,103183},
{713,1031,10,5,103112,5,103112},
{714,1032,1,1,103201,1,103201},
{715,1032,1,5,103201,5,103201},
{716,1032,1,5,103202,5,103202},
{717,1032,2,1,103202,1,103202},
{718,1032,2,6,0,6,0},
{719,1032,2,5,103203,5,103203},
{720,1032,3,4,103291,4,103291},
{721,1032,3,5,103204,5,103204},
{722,1032,3,5,103205,5,103205},
{723,1032,4,1,103203,1,103203},
{724,1032,4,5,103206,5,103206},
{725,1032,5,1,103204,1,103204},
{726,1032,5,5,103207,5,103207},
{727,1032,6,3,0,3,0},
{728,1032,6,5,103208,5,103208},
{729,1032,7,7,0,7,0},
{730,1032,7,5,103209,5,103209},
{731,1032,8,2,103281,2,103281},
{732,1032,8,5,103210,5,103210},
{733,1032,9,2,103282,2,103282},
{734,1032,9,5,103211,5,103211},
{735,1032,10,2,103283,2,103283},
{736,1032,10,5,103212,5,103212},
{737,1033,1,1,103301,1,103301},
{738,1033,1,5,103301,5,103301},
{739,1033,1,5,103302,5,103302},
{740,1033,2,1,103302,1,103302},
{741,1033,2,6,0,6,0},
{742,1033,2,5,103303,5,103303},
{743,1033,3,4,103391,4,103391},
{744,1033,3,5,103304,5,103304},
{745,1033,3,5,103305,5,103305},
{746,1033,4,1,103303,1,103303},
{747,1033,4,5,103306,5,103306},
{748,1033,5,1,103304,1,103304},
{749,1033,5,5,103307,5,103307},
{750,1033,6,3,0,3,0},
{751,1033,6,5,103308,5,103308},
{752,1033,7,7,0,7,0},
{753,1033,7,5,103309,5,103309},
{754,1033,8,2,103381,2,103381},
{755,1033,8,5,103310,5,103310},
{756,1033,9,2,103382,2,103382},
{757,1033,9,5,103311,5,103311},
{758,1033,10,2,103383,2,103383},
{759,1033,10,5,103312,5,103312},
{760,1034,1,1,103401,1,103401},
{761,1034,1,5,103401,5,103401},
{762,1034,1,5,103402,5,103402},
{763,1034,2,1,103402,1,103402},
{764,1034,2,6,0,6,0},
{765,1034,2,5,103403,5,103403},
{766,1034,3,4,103491,4,103491},
{767,1034,3,5,103404,5,103404},
{768,1034,3,5,103405,5,103405},
{769,1034,4,1,103403,1,103403},
{770,1034,4,5,103406,5,103406},
{771,1034,5,1,103404,1,103404},
{772,1034,5,5,103407,5,103407},
{773,1034,6,3,0,3,0},
{774,1034,6,5,103408,5,103408},
{775,1034,7,7,0,7,0},
{776,1034,7,5,103409,5,103409},
{777,1034,8,2,103481,2,103481},
{778,1034,8,5,103410,5,103410},
{779,1034,9,2,103482,2,103482},
{780,1034,9,5,103411,5,103411},
{781,1034,10,2,103483,2,103483},
{782,1034,10,5,103412,5,103412},
{783,1035,1,1,103501,1,103501},
{784,1035,1,5,103501,5,103501},
{785,1035,1,5,103502,5,103502},
{786,1035,2,1,103502,1,103502},
{787,1035,2,6,0,6,0},
{788,1035,2,5,103503,5,103503},
{789,1035,3,4,103591,4,103591},
{790,1035,3,5,103504,5,103504},
{791,1035,3,5,103505,5,103505},
{792,1035,4,1,103503,1,103503},
{793,1035,4,5,103506,5,103506},
{794,1035,5,1,103504,1,103504},
{795,1035,5,5,103507,5,103507},
{796,1035,6,3,0,3,0},
{797,1035,6,5,103508,5,103508},
{798,1035,7,7,0,7,0},
{799,1035,7,5,103509,5,103509},
{800,1035,8,2,103581,2,103581},
{801,1035,8,5,103510,5,103510},
{802,1035,9,2,103582,2,103582},
{803,1035,9,5,103511,5,103511},
{804,1035,10,2,103583,2,103583},
{805,1035,10,5,103512,5,103512},
{806,1036,1,1,103601,1,103601},
{807,1036,1,5,103601,5,103601},
{808,1036,1,5,103602,5,103602},
{809,1036,2,1,103602,1,103602},
{810,1036,2,6,0,6,0},
{811,1036,2,5,103603,5,103603},
{812,1036,3,4,103691,4,103691},
{813,1036,3,5,103604,5,103604},
{814,1036,3,5,103605,5,103605},
{815,1036,4,1,103603,1,103603},
{816,1036,4,5,103606,5,103606},
{817,1036,5,1,103604,1,103604},
{818,1036,5,5,103607,5,103607},
{819,1036,6,3,0,3,0},
{820,1036,6,5,103608,5,103608},
{821,1036,7,7,0,7,0},
{822,1036,7,5,103609,5,103609},
{823,1036,8,2,103681,2,103681},
{824,1036,8,5,103610,5,103610},
{825,1036,9,2,103682,2,103682},
{826,1036,9,5,103611,5,103611},
{827,1036,10,2,103683,2,103683},
{828,1036,10,5,103612,5,103612},
{829,1037,1,1,103701,1,103701},
{830,1037,1,5,103701,5,103701},
{831,1037,1,5,103702,5,103702},
{832,1037,2,1,103702,1,103702},
{833,1037,2,6,0,6,0},
{834,1037,2,5,103703,5,103703},
{835,1037,3,4,103791,4,103791},
{836,1037,3,5,103704,5,103704},
{837,1037,3,5,103705,5,103705},
{838,1037,4,1,103703,1,103703},
{839,1037,4,5,103706,5,103706},
{840,1037,5,1,103704,1,103704},
{841,1037,5,5,103707,5,103707},
{842,1037,6,3,0,3,0},
{843,1037,6,5,103708,5,103708},
{844,1037,7,7,0,7,0},
{845,1037,7,5,103709,5,103709},
{846,1037,8,2,103781,2,103781},
{847,1037,8,5,103710,5,103710},
{848,1037,9,2,103782,2,103782},
{849,1037,9,5,103711,5,103711},
{850,1037,10,2,103783,2,103783},
{851,1037,10,5,103712,5,103712},
{852,1038,1,1,103801,1,103801},
{853,1038,1,5,103801,5,103801},
{854,1038,1,5,103802,5,103802},
{855,1038,2,1,103802,1,103802},
{856,1038,2,6,0,6,0},
{857,1038,2,5,103803,5,103803},
{858,1038,3,4,103891,4,103891},
{859,1038,3,5,103804,5,103804},
{860,1038,3,5,103805,5,103805},
{861,1038,4,1,103803,1,103803},
{862,1038,4,5,103806,5,103806},
{863,1038,5,1,103804,1,103804},
{864,1038,5,5,103807,5,103807},
{865,1038,6,3,0,3,0},
{866,1038,6,5,103808,5,103808},
{867,1038,7,7,0,7,0},
{868,1038,7,5,103809,5,103809},
{869,1038,8,2,103881,2,103881},
{870,1038,8,5,103810,5,103810},
{871,1038,9,2,103882,2,103882},
{872,1038,9,5,103811,5,103811},
{873,1038,10,2,103883,2,103883},
{874,1038,10,5,103812,5,103812},
{875,1039,1,1,103901,1,103901},
{876,1039,1,5,103901,5,103901},
{877,1039,1,5,103902,5,103902},
{878,1039,2,1,103902,1,103902},
{879,1039,2,6,0,6,0},
{880,1039,2,5,103903,5,103903},
{881,1039,3,4,103991,4,103991},
{882,1039,3,5,103904,5,103904},
{883,1039,3,5,103905,5,103905},
{884,1039,4,1,103903,1,103903},
{885,1039,4,5,103906,5,103906},
{886,1039,5,1,103904,1,103904},
{887,1039,5,5,103907,5,103907},
{888,1039,6,3,0,3,0},
{889,1039,6,5,103908,5,103908},
{890,1039,7,7,0,7,0},
{891,1039,7,5,103909,5,103909},
{892,1039,8,2,103981,2,103981},
{893,1039,8,5,103910,5,103910},
{894,1039,9,2,103982,2,103982},
{895,1039,9,5,103911,5,103911},
{896,1039,10,2,103983,2,103983},
{897,1039,10,5,103912,5,103912},
{898,1040,1,1,104001,1,104001},
{899,1040,1,5,104001,5,104001},
{900,1040,1,5,104002,5,104002},
{901,1040,2,1,104002,1,104002},
{902,1040,2,6,0,6,0},
{903,1040,2,5,104003,5,104003},
{904,1040,3,4,104091,4,104091},
{905,1040,3,5,104004,5,104004},
{906,1040,3,5,104005,5,104005},
{907,1040,4,1,104003,1,104003},
{908,1040,4,5,104006,5,104006},
{909,1040,5,1,104004,1,104004},
{910,1040,5,5,104007,5,104007},
{911,1040,6,3,0,3,0},
{912,1040,6,5,104008,5,104008},
{913,1040,7,7,0,7,0},
{914,1040,7,5,104009,5,104009},
{915,1040,8,2,104081,2,104081},
{916,1040,8,5,104010,5,104010},
{917,1040,9,2,104082,2,104082},
{918,1040,9,5,104011,5,104011},
{919,1040,10,2,104083,2,104083},
{920,1040,10,5,104012,5,104012},
{921,1041,1,1,104101,1,104101},
{922,1041,1,5,104101,5,104101},
{923,1041,1,5,104102,5,104102},
{924,1041,2,1,104102,1,104102},
{925,1041,2,6,0,6,0},
{926,1041,2,5,104103,5,104103},
{927,1041,3,4,104191,4,104191},
{928,1041,3,5,104104,5,104104},
{929,1041,3,5,104105,5,104105},
{930,1041,4,1,104103,1,104103},
{931,1041,4,5,104106,5,104106},
{932,1041,5,1,104104,1,104104},
{933,1041,5,5,104107,5,104107},
{934,1041,6,3,0,3,0},
{935,1041,6,5,104108,5,104108},
{936,1041,7,7,0,7,0},
{937,1041,7,5,104109,5,104109},
{938,1041,8,2,104181,2,104181},
{939,1041,8,5,104110,5,104110},
{940,1041,9,2,104182,2,104182},
{941,1041,9,5,104111,5,104111},
{942,1041,10,2,104183,2,104183},
{943,1041,10,5,104112,5,104112},
{944,1042,1,1,104201,1,104201},
{945,1042,1,5,104201,5,104201},
{946,1042,1,5,104202,5,104202},
{947,1042,2,1,104202,1,104202},
{948,1042,2,6,0,6,0},
{949,1042,2,5,104203,5,104203},
{950,1042,3,4,104291,4,104291},
{951,1042,3,5,104204,5,104204},
{952,1042,3,5,104205,5,104205},
{953,1042,4,1,104203,1,104203},
{954,1042,4,5,104206,5,104206},
{955,1042,5,1,104204,1,104204},
{956,1042,5,5,104207,5,104207},
{957,1042,6,3,0,3,0},
{958,1042,6,5,104208,5,104208},
{959,1042,7,7,0,7,0},
{960,1042,7,5,104209,5,104209},
{961,1042,8,2,104281,2,104281},
{962,1042,8,5,104210,5,104210},
{963,1042,9,2,104282,2,104282},
{964,1042,9,5,104211,5,104211},
{965,1042,10,2,104283,2,104283},
{966,1042,10,5,104212,5,104212},
{104301,1043,1,1,104301,1,104301},
{104302,1043,1,5,104301,5,104301},
{104303,1043,1,5,104302,5,104302},
{104304,1043,2,1,104302,1,104302},
{104305,1043,2,6,0,6,0},
{104306,1043,2,5,104303,5,104303},
{104307,1043,3,4,104391,4,104391},
{104308,1043,3,5,104304,5,104304},
{104309,1043,3,5,104305,5,104305},
{104310,1043,4,1,104303,1,104303},
{104311,1043,4,5,104306,5,104306},
{104312,1043,4,8,0,8,0},
{104313,1043,5,1,104304,1,104304},
{104314,1043,5,5,104307,5,104307},
{104315,1043,6,3,0,3,0},
{104316,1043,6,5,104308,5,104308},
{104317,1043,7,7,0,7,0},
{104318,1043,7,5,104309,5,104309},
{104319,1043,8,2,104381,2,104381},
{104320,1043,8,5,104310,5,104310},
{104321,1043,9,2,104382,2,104382},
{104322,1043,9,5,104311,5,104311},
{104323,1043,10,2,104383,2,104383},
{104324,1043,10,5,104312,5,104312},
{104401,1044,1,1,104401,1,104401},
{104402,1044,1,5,104401,5,104401},
{104403,1044,1,5,104402,5,104402},
{104404,1044,2,1,104402,1,104402},
{104405,1044,2,6,0,6,0},
{104406,1044,2,5,104403,5,104403},
{104407,1044,3,4,104491,4,104491},
{104408,1044,3,5,104404,5,104404},
{104409,1044,3,5,104405,5,104405},
{104410,1044,4,1,104403,1,104403},
{104411,1044,4,5,104406,5,104406},
{104412,1044,4,8,0,8,0},
{104413,1044,5,1,104404,1,104404},
{104414,1044,5,5,104407,5,104407},
{104415,1044,6,3,0,3,0},
{104416,1044,6,5,104408,5,104408},
{104417,1044,7,7,0,7,0},
{104418,1044,7,5,104409,5,104409},
{104419,1044,8,2,104481,2,104481},
{104420,1044,8,5,104410,5,104410},
{104421,1044,9,2,104482,2,104482},
{104422,1044,9,5,104411,5,104411},
{104423,1044,10,2,104483,2,104483},
{104424,1044,10,5,104412,5,104412},
{104501,1045,1,1,104501,1,104501},
{104502,1045,1,5,104501,5,104501},
{104503,1045,1,5,104502,5,104502},
{104504,1045,2,1,104502,1,104502},
{104505,1045,2,6,0,6,0},
{104506,1045,2,5,104503,5,104503},
{104507,1045,3,4,104591,4,104591},
{104508,1045,3,5,104504,5,104504},
{104509,1045,3,5,104505,5,104505},
{104510,1045,4,1,104503,1,104503},
{104511,1045,4,5,104506,5,104506},
{104512,1045,4,8,0,8,0},
{104513,1045,5,1,104504,1,104504},
{104514,1045,5,5,104507,5,104507},
{104515,1045,6,3,0,3,0},
{104516,1045,6,5,104508,5,104508},
{104517,1045,7,7,0,7,0},
{104518,1045,7,5,104509,5,104509},
{104519,1045,8,2,104581,2,104581},
{104520,1045,8,5,104510,5,104510},
{104521,1045,9,2,104582,2,104582},
{104522,1045,9,5,104511,5,104511},
{104523,1045,10,2,104583,2,104583},
{104524,1045,10,5,104512,5,104512},
{104601,1046,1,1,104601,1,104601},
{104602,1046,1,5,104601,5,104601},
{104603,1046,1,5,104602,5,104602},
{104604,1046,2,1,104602,1,104602},
{104605,1046,2,6,0,6,0},
{104606,1046,2,5,104603,5,104603},
{104607,1046,3,4,104691,4,104691},
{104608,1046,3,5,104604,5,104604},
{104609,1046,3,5,104605,5,104605},
{104610,1046,4,1,104603,1,104603},
{104611,1046,4,5,104606,5,104606},
{104612,1046,4,8,0,8,0},
{104613,1046,5,1,104604,1,104604},
{104614,1046,5,5,104607,5,104607},
{104615,1046,6,3,0,3,0},
{104616,1046,6,5,104608,5,104608},
{104617,1046,7,7,0,7,0},
{104618,1046,7,5,104609,5,104609},
{104619,1046,8,2,104681,2,104681},
{104620,1046,8,5,104610,5,104610},
{104621,1046,9,2,104682,2,104682},
{104622,1046,9,5,104611,5,104611},
{104623,1046,10,2,104683,2,104683},
{104624,1046,10,5,104612,5,104612},
{104701,1047,1,1,104701,1,104701},
{104702,1047,1,5,104701,5,104701},
{104703,1047,1,5,104702,5,104702},
{104704,1047,2,1,104702,1,104702},
{104705,1047,2,6,0,6,0},
{104706,1047,2,5,104703,5,104703},
{104707,1047,3,4,104791,4,104791},
{104708,1047,3,5,104704,5,104704},
{104709,1047,3,5,104705,5,104705},
{104710,1047,4,1,104703,1,104703},
{104711,1047,4,5,104706,5,104706},
{104712,1047,4,8,0,8,0},
{104713,1047,5,1,104704,1,104704},
{104714,1047,5,5,104707,5,104707},
{104715,1047,6,3,0,3,0},
{104716,1047,6,5,104708,5,104708},
{104717,1047,7,7,0,7,0},
{104718,1047,7,5,104709,5,104709},
{104719,1047,8,2,104781,2,104781},
{104720,1047,8,5,104710,5,104710},
{104721,1047,9,2,104782,2,104782},
{104722,1047,9,5,104711,5,104711},
{104723,1047,10,2,104783,2,104783},
{104724,1047,10,5,104712,5,104712},
{104801,1048,1,1,104801,1,104801},
{104802,1048,1,5,104801,5,104801},
{104803,1048,1,5,104802,5,104802},
{104804,1048,2,1,104802,1,104802},
{104805,1048,2,6,0,6,0},
{104806,1048,2,5,104803,5,104803},
{104807,1048,3,4,104891,4,104891},
{104808,1048,3,5,104804,5,104804},
{104809,1048,3,5,104805,5,104805},
{104810,1048,4,1,104803,1,104803},
{104811,1048,4,5,104806,5,104806},
{104812,1048,4,8,0,8,0},
{104813,1048,5,1,104804,1,104804},
{104814,1048,5,5,104807,5,104807},
{104815,1048,6,3,0,3,0},
{104816,1048,6,5,104808,5,104808},
{104817,1048,7,7,0,7,0},
{104818,1048,7,5,104809,5,104809},
{104819,1048,8,2,104881,2,104881},
{104820,1048,8,5,104810,5,104810},
{104821,1048,9,2,104882,2,104882},
{104822,1048,9,5,104811,5,104811},
{104823,1048,10,2,104883,2,104883},
{104824,1048,10,5,104812,5,104812},
{104901,1049,1,1,104901,1,104901},
{104902,1049,1,5,104901,5,104901},
{104903,1049,1,5,104902,5,104902},
{104904,1049,2,1,104902,1,104902},
{104905,1049,2,6,0,6,0},
{104906,1049,2,5,104903,5,104903},
{104907,1049,3,4,104991,4,104991},
{104908,1049,3,5,104904,5,104904},
{104909,1049,3,5,104905,5,104905},
{104910,1049,4,1,104903,1,104903},
{104911,1049,4,5,104906,5,104906},
{104912,1049,4,8,0,8,0},
{104913,1049,5,1,104904,1,104904},
{104914,1049,5,5,104907,5,104907},
{104915,1049,6,3,0,3,0},
{104916,1049,6,5,104908,5,104908},
{104917,1049,7,7,0,7,0},
{104918,1049,7,5,104909,5,104909},
{104919,1049,8,2,104981,2,104981},
{104920,1049,8,5,104910,5,104910},
{104921,1049,9,2,104982,2,104982},
{104922,1049,9,5,104911,5,104911},
{104923,1049,10,2,104983,2,104983},
{104924,1049,10,5,104912,5,104912},
{105001,1050,1,1,105001,1,105001},
{105002,1050,1,5,105001,5,105001},
{105003,1050,1,5,105002,5,105002},
{105004,1050,2,1,105002,1,105002},
{105005,1050,2,6,0,6,0},
{105006,1050,2,5,105003,5,105003},
{105007,1050,3,4,105091,4,105091},
{105008,1050,3,5,105004,5,105004},
{105009,1050,3,5,105005,5,105005},
{105010,1050,4,1,105003,1,105003},
{105011,1050,4,5,105006,5,105006},
{105012,1050,4,8,0,8,0},
{105013,1050,5,1,105004,1,105004},
{105014,1050,5,5,105007,5,105007},
{105015,1050,6,3,0,3,0},
{105016,1050,6,5,105008,5,105008},
{105017,1050,7,7,0,7,0},
{105018,1050,7,5,105009,5,105009},
{105019,1050,8,2,105081,2,105081},
{105020,1050,8,5,105010,5,105010},
{105021,1050,9,2,105082,2,105082},
{105022,1050,9,5,105011,5,105011},
{105023,1050,10,2,105083,2,105083},
{105024,1050,10,5,105012,5,105012},
{105101,1051,1,1,105101,1,105101},
{105102,1051,1,5,105101,5,105101},
{105103,1051,1,5,105102,5,105102},
{105104,1051,2,1,105102,1,105102},
{105105,1051,2,6,0,6,0},
{105106,1051,2,5,105103,5,105103},
{105107,1051,3,4,105191,4,105191},
{105108,1051,3,5,105104,5,105104},
{105109,1051,3,5,105105,5,105105},
{105110,1051,4,1,105103,1,105103},
{105111,1051,4,5,105106,5,105106},
{105112,1051,4,8,0,8,0},
{105113,1051,5,1,105104,1,105104},
{105114,1051,5,5,105107,5,105107},
{105115,1051,6,3,0,3,0},
{105116,1051,6,5,105108,5,105108},
{105117,1051,7,7,0,7,0},
{105118,1051,7,5,105109,5,105109},
{105119,1051,8,2,105181,2,105181},
{105120,1051,8,5,105110,5,105110},
{105121,1051,9,2,105182,2,105182},
{105122,1051,9,5,105111,5,105111},
{105123,1051,10,2,105183,2,105183},
{105124,1051,10,5,105112,5,105112},
{105201,1052,1,1,105201,1,105201},
{105202,1052,1,5,105201,5,105201},
{105203,1052,1,5,105202,5,105202},
{105204,1052,2,1,105202,1,105202},
{105205,1052,2,6,0,6,0},
{105206,1052,2,5,105203,5,105203},
{105207,1052,3,4,105291,4,105291},
{105208,1052,3,5,105204,5,105204},
{105209,1052,3,5,105205,5,105205},
{105210,1052,4,1,105203,1,105203},
{105211,1052,4,5,105206,5,105206},
{105212,1052,4,8,0,8,0},
{105213,1052,5,1,105204,1,105204},
{105214,1052,5,5,105207,5,105207},
{105215,1052,6,3,0,3,0},
{105216,1052,6,5,105208,5,105208},
{105217,1052,7,7,0,7,0},
{105218,1052,7,5,105209,5,105209},
{105219,1052,8,2,105281,2,105281},
{105220,1052,8,5,105210,5,105210},
{105221,1052,9,2,105282,2,105282},
{105222,1052,9,5,105211,5,105211},
{105223,1052,10,2,105283,2,105283},
{105224,1052,10,5,105212,5,105212},
{105301,1053,1,1,105301,1,105301},
{105302,1053,1,5,105301,5,105301},
{105303,1053,1,5,105302,5,105302},
{105304,1053,2,1,105302,1,105302},
{105305,1053,2,6,0,6,0},
{105306,1053,2,5,105303,5,105303},
{105307,1053,3,4,105391,4,105391},
{105308,1053,3,5,105304,5,105304},
{105309,1053,3,5,105305,5,105305},
{105310,1053,4,1,105303,1,105303},
{105311,1053,4,5,105306,5,105306},
{105312,1053,4,8,0,8,0},
{105313,1053,5,1,105304,1,105304},
{105314,1053,5,5,105307,5,105307},
{105315,1053,6,3,0,3,0},
{105316,1053,6,5,105308,5,105308},
{105317,1053,7,7,0,7,0},
{105318,1053,7,5,105309,5,105309},
{105319,1053,8,2,105381,2,105381},
{105320,1053,8,5,105310,5,105310},
{105321,1053,9,2,105382,2,105382},
{105322,1053,9,5,105311,5,105311},
{105323,1053,10,2,105383,2,105383},
{105324,1053,10,5,105312,5,105312},
{105401,1054,1,1,105401,1,105401},
{105402,1054,1,5,105401,5,105401},
{105403,1054,1,5,105402,5,105402},
{105404,1054,2,1,105402,1,105402},
{105405,1054,2,6,0,6,0},
{105406,1054,2,5,105403,5,105403},
{105407,1054,3,4,105491,4,105491},
{105408,1054,3,5,105404,5,105404},
{105409,1054,3,5,105405,5,105405},
{105410,1054,4,1,105403,1,105403},
{105411,1054,4,5,105406,5,105406},
{105412,1054,4,8,0,8,0},
{105413,1054,5,1,105404,1,105404},
{105414,1054,5,5,105407,5,105407},
{105415,1054,6,3,0,3,0},
{105416,1054,6,5,105408,5,105408},
{105417,1054,7,7,0,7,0},
{105418,1054,7,5,105409,5,105409},
{105419,1054,8,2,105481,2,105481},
{105420,1054,8,5,105410,5,105410},
{105421,1054,9,2,105482,2,105482},
{105422,1054,9,5,105411,5,105411},
{105423,1054,10,2,105483,2,105483},
{105424,1054,10,5,105412,5,105412},
{105501,1055,1,1,105501,1,105501},
{105502,1055,1,5,105501,5,105501},
{105503,1055,1,5,105502,5,105502},
{105504,1055,2,1,105502,1,105502},
{105505,1055,2,6,0,6,0},
{105506,1055,2,5,105503,5,105503},
{105507,1055,3,4,105591,4,105591},
{105508,1055,3,5,105504,5,105504},
{105509,1055,3,5,105505,5,105505},
{105510,1055,4,1,105503,1,105503},
{105511,1055,4,5,105506,5,105506},
{105512,1055,4,8,0,8,0},
{105513,1055,5,1,105504,1,105504},
{105514,1055,5,5,105507,5,105507},
{105515,1055,6,3,0,3,0},
{105516,1055,6,5,105508,5,105508},
{105517,1055,7,7,0,7,0},
{105518,1055,7,5,105509,5,105509},
{105519,1055,8,2,105581,2,105581},
{105520,1055,8,5,105510,5,105510},
{105521,1055,9,2,105582,2,105582},
{105522,1055,9,5,105511,5,105511},
{105523,1055,10,2,105583,2,105583},
{105524,1055,10,5,105512,5,105512},
{105601,1056,1,1,105601,1,105601},
{105602,1056,1,5,105601,5,105601},
{105603,1056,1,5,105602,5,105602},
{105604,1056,2,1,105602,1,105602},
{105605,1056,2,6,0,6,0},
{105606,1056,2,5,105603,5,105603},
{105607,1056,3,4,105691,4,105691},
{105608,1056,3,5,105604,5,105604},
{105609,1056,3,5,105605,5,105605},
{105610,1056,4,1,105603,1,105603},
{105611,1056,4,5,105606,5,105606},
{105612,1056,4,8,0,8,0},
{105613,1056,5,1,105604,1,105604},
{105614,1056,5,5,105607,5,105607},
{105615,1056,6,3,0,3,0},
{105616,1056,6,5,105608,5,105608},
{105617,1056,7,7,0,7,0},
{105618,1056,7,5,105609,5,105609},
{105619,1056,8,2,105681,2,105681},
{105620,1056,8,5,105610,5,105610},
{105621,1056,9,2,105682,2,105682},
{105622,1056,9,5,105611,5,105611},
{105623,1056,10,2,105683,2,105683},
{105624,1056,10,5,105612,5,105612},
{105701,1057,1,1,105701,1,105701},
{105702,1057,1,5,105701,5,105701},
{105703,1057,1,5,105702,5,105702},
{105704,1057,2,1,105702,1,105702},
{105705,1057,2,6,0,6,0},
{105706,1057,2,5,105703,5,105703},
{105707,1057,3,4,105791,4,105791},
{105708,1057,3,5,105704,5,105704},
{105709,1057,3,5,105705,5,105705},
{105710,1057,4,1,105703,1,105703},
{105711,1057,4,5,105706,5,105706},
{105712,1057,4,8,0,8,0},
{105713,1057,5,1,105704,1,105704},
{105714,1057,5,5,105707,5,105707},
{105715,1057,6,3,0,3,0},
{105716,1057,6,5,105708,5,105708},
{105717,1057,7,7,0,7,0},
{105718,1057,7,5,105709,5,105709},
{105719,1057,8,2,105781,2,105781},
{105720,1057,8,5,105710,5,105710},
{105721,1057,9,2,105782,2,105782},
{105722,1057,9,5,105711,5,105711},
{105723,1057,10,2,105783,2,105783},
{105724,1057,10,5,105712,5,105712},
{105801,1058,1,1,105801,1,105801},
{105802,1058,1,5,105801,5,105801},
{105803,1058,1,5,105802,5,105802},
{105804,1058,2,1,105802,1,105802},
{105805,1058,2,6,0,6,0},
{105806,1058,2,5,105803,5,105803},
{105807,1058,3,4,105891,4,105891},
{105808,1058,3,5,105804,5,105804},
{105809,1058,3,5,105805,5,105805},
{105810,1058,4,1,105803,1,105803},
{105811,1058,4,5,105806,5,105806},
{105812,1058,4,8,0,8,0},
{105813,1058,5,1,105804,1,105804},
{105814,1058,5,5,105807,5,105807},
{105815,1058,6,3,0,3,0},
{105816,1058,6,5,105808,5,105808},
{105817,1058,7,7,0,7,0},
{105818,1058,7,5,105809,5,105809},
{105819,1058,8,2,105881,2,105881},
{105820,1058,8,5,105810,5,105810},
{105821,1058,9,2,105882,2,105882},
{105822,1058,9,5,105811,5,105811},
{105823,1058,10,2,105883,2,105883},
{105824,1058,10,5,105812,5,105812},
{105901,1059,1,1,105901,1,105901},
{105902,1059,1,5,105901,5,105901},
{105903,1059,1,5,105902,5,105902},
{105904,1059,2,1,105902,1,105902},
{105905,1059,2,6,0,6,0},
{105906,1059,2,5,105903,5,105903},
{105907,1059,3,4,105991,4,105991},
{105908,1059,3,5,105904,5,105904},
{105909,1059,3,5,105905,5,105905},
{105910,1059,4,1,105903,1,105903},
{105911,1059,4,5,105906,5,105906},
{105912,1059,4,8,0,8,0},
{105913,1059,5,1,105904,1,105904},
{105914,1059,5,5,105907,5,105907},
{105915,1059,6,3,0,3,0},
{105916,1059,6,5,105908,5,105908},
{105917,1059,7,7,0,7,0},
{105918,1059,7,5,105909,5,105909},
{105919,1059,8,2,105981,2,105981},
{105920,1059,8,5,105910,5,105910},
{105921,1059,9,2,105982,2,105982},
{105922,1059,9,5,105911,5,105911},
{105923,1059,10,2,105983,2,105983},
{105924,1059,10,5,105912,5,105912},
{106001,1060,1,1,106001,1,106001},
{106002,1060,1,5,106001,5,106001},
{106003,1060,1,5,106002,5,106002},
{106004,1060,2,1,106002,1,106002},
{106005,1060,2,6,0,6,0},
{106006,1060,2,5,106003,5,106003},
{106007,1060,3,4,106091,4,106091},
{106008,1060,3,5,106004,5,106004},
{106009,1060,3,5,106005,5,106005},
{106010,1060,4,1,106003,1,106003},
{106011,1060,4,5,106006,5,106006},
{106012,1060,4,8,0,8,0},
{106013,1060,5,1,106004,1,106004},
{106014,1060,5,5,106007,5,106007},
{106015,1060,6,3,0,3,0},
{106016,1060,6,5,106008,5,106008},
{106017,1060,7,7,0,7,0},
{106018,1060,7,5,106009,5,106009},
{106019,1060,8,2,106081,2,106081},
{106020,1060,8,5,106010,5,106010},
{106021,1060,9,2,106082,2,106082},
{106022,1060,9,5,106011,5,106011},
{106023,1060,10,2,106083,2,106083},
{106024,1060,10,5,106012,5,106012},
{106101,1061,1,1,106101,1,106101},
{106102,1061,1,5,106101,5,106101},
{106103,1061,1,5,106102,5,106102},
{106104,1061,2,1,106102,1,106102},
{106105,1061,2,6,0,6,0},
{106106,1061,2,5,106103,5,106103},
{106107,1061,3,4,106191,4,106191},
{106108,1061,3,5,106104,5,106104},
{106109,1061,3,5,106105,5,106105},
{106110,1061,4,1,106103,1,106103},
{106111,1061,4,5,106106,5,106106},
{106112,1061,4,8,0,8,0},
{106113,1061,5,1,106104,1,106104},
{106114,1061,5,5,106107,5,106107},
{106115,1061,6,3,0,3,0},
{106116,1061,6,5,106108,5,106108},
{106117,1061,7,7,0,7,0},
{106118,1061,7,5,106109,5,106109},
{106119,1061,8,2,106181,2,106181},
{106120,1061,8,5,106110,5,106110},
{106121,1061,9,2,106182,2,106182},
{106122,1061,9,5,106111,5,106111},
{106123,1061,10,2,106183,2,106183},
{106124,1061,10,5,106112,5,106112}
},
Len=1422
}
return e 
