local e=
{
ByIdx={
{1,{922201,922202,922203,922204,922205}},
{2,{920105,920205,920305,920405,920505,920605,920705,920805,920905,921005,921105,921205,921305,921405,921505,921605,921705,921805,921905,922005,922105,922205,922305,922405,922505,922605,922705,922805,922905,923005,923105,923205,923305,923405,923505,923605,923705,923805,923905,924005,924105,924205}},
{4,{924906,924806,924706,924606,924506,924406,924306,920105,920205,920305,920405,920505,920605,920705,920805,920905,921005,921105,921205,921305,921405,921505,921605,921705,921805,921905,922005,922105,922205,922305,922405,922505,922605,922705,922805,922905,923005,923105,923205,923305,923405,923505,923605,923705,923805,923905,924005,924105,924205}},
{5,{920105,920205,920305,920405,920505,920605,920705,920805,920905,921005,921105,921205,921305,921405,921505,921605,921705,921805,921905,922005,922105,922205,922305,922405,922505,922605,922705,922805,922905,923005,923105,923205,923305,923405,923505,923605,923705,923805,923905}},
{6,{920105,920205,920305,920405,920505,920605,920705,920805,920905,921005,921105,921205,921305,921405,921505,921605,921705,921805,921905,922005,922105,922205,922305,922405,922505,922605,922705,922805,922905,923005,923105,923205,923305,923405,923505,923605,923705,923805,923905,924005,924105,924205,924306}},
{7,{924606,924506,924406,924306,920105,920205,920305,920405,920505,920605,920705,920805,920905,921005,921105,921205,921305,921405,921505,921605,921705,921805,921905,922005,922105,922205,922305,922405,922505,922605,922705,922805,922905,923005,923105,923205,923305,923405,923505,923605,923705,923805,923905,924005,924105,924205}},
{8,{925206,925106,925006,924906,924806,924706,924606,924506,924406,924306}},
{9,{924906,924806,924706,924606,924506,924406,924306}}
},
Len=8
}
return e 
