local e=
{
ByIdx={
{1,72000,9000,4500,20000,0,20000,0,0,0,0,0,0,0,0,0,0,0,0,0,0,700,50,1420,3,1,1001,22050,1},
{2,72000,9000,4500,0,0,0,0,20000,0,0,0,0,0,0,0,0,0,0,20000,0,700,50,1620,3,1,1002,22050,2},
{3,72000,9000,4500,0,0,0,20000,0,20000,0,0,0,0,0,0,0,0,0,0,0,700,50,1220,3,1,1003,22050,3},
{4,72000,9000,4500,0,0,0,0,20000,0,0,0,0,0,0,0,0,0,0,20000,0,700,50,1220,3,1,1004,22050,4},
{5,72000,9000,4500,0,0,0,0,20000,0,0,0,0,0,0,0,0,0,0,20000,0,700,50,1020,3,1,1005,22050,1},
{6,72000,9000,4500,0,0,0,20000,0,20000,0,0,0,0,0,0,0,0,0,0,0,700,50,1420,3,1,1006,22050,2},
{7,72000,9000,4500,0,0,0,20000,0,20000,0,0,0,0,0,0,0,0,0,0,0,700,50,1220,3,1,1007,22050,3},
{8,72000,9000,4500,0,0,0,20000,0,20000,0,0,0,0,0,0,0,0,0,0,0,700,50,1620,3,1,1008,22050,4},
{9,72000,9000,4500,20000,0,20000,0,0,0,0,0,0,0,0,0,0,0,0,0,0,700,50,1220,3,1,1009,22050,1},
{10,72000,9000,4500,20000,0,20000,0,0,0,0,0,0,0,0,0,0,0,0,0,0,700,50,1620,3,1,1010,22050,2},
{11,72000,9000,4500,20000,0,20000,0,0,0,0,0,0,0,0,0,0,0,0,0,0,700,50,1420,3,1,1011,22050,3},
{12,84000,10500,5250,20000,0,20000,0,0,0,0,0,0,0,0,0,0,0,0,0,0,700,50,1720,3,1,1012,25725,4},
{13,72000,9000,4500,0,0,0,0,20000,0,0,0,0,0,0,0,0,0,0,20000,0,700,50,1420,3,1,1013,22050,1},
{14,72000,9000,4500,0,0,0,0,20000,0,0,0,0,0,0,0,0,0,0,20000,0,700,50,1420,3,1,1014,22050,2},
{15,84000,10500,5250,0,0,0,0,20000,0,0,0,0,0,0,0,0,0,0,20000,0,700,50,1120,3,1,1015,25725,3},
{16,84000,10500,5250,20000,0,20000,0,0,0,0,0,0,0,0,0,0,0,0,0,0,700,50,1120,3,1,1016,25725,4},
{17,84000,10500,5250,0,0,0,0,20000,0,0,0,0,0,0,0,0,0,0,20000,0,700,50,1720,3,1,1017,25725,1},
{18,84000,10500,5250,0,0,0,20000,0,20000,0,0,0,0,0,0,0,0,0,0,0,700,50,1320,3,1,1018,25725,2},
{19,84000,10500,5250,0,0,0,0,20000,0,0,0,0,0,0,0,0,0,0,20000,0,700,50,1520,3,1,1019,25725,3},
{20,84000,10500,5250,20000,0,20000,0,0,0,0,0,0,0,0,0,0,0,0,0,0,700,50,1520,3,1,1020,25725,4},
{21,84000,10500,5250,0,0,0,20000,0,20000,0,0,0,0,0,0,0,0,0,0,0,700,50,1720,3,1,1021,25725,1},
{22,84000,10500,5250,0,0,0,0,20000,0,0,0,0,0,0,0,0,0,0,20000,0,700,50,1120,3,1,1022,25725,2},
{23,84000,10500,5250,0,0,0,20000,0,20000,0,0,0,0,0,0,0,0,0,0,0,700,50,1320,3,1,1023,25725,3},
{24,84000,10500,5250,0,0,0,0,20000,0,0,0,0,0,0,0,0,0,0,20000,0,700,50,1320,3,1,1024,25725,4},
{25,84000,10500,5250,20000,0,20000,0,0,0,0,0,0,0,0,0,0,0,0,0,0,700,50,1720,3,1,1025,25725,1},
{26,84000,10500,5250,20000,0,20000,0,0,0,0,0,0,0,0,0,0,0,0,0,0,700,50,1120,3,1,1026,25725,2},
{27,84000,10500,5250,0,0,0,20000,0,20000,0,0,0,0,0,0,0,0,0,0,0,700,50,1320,3,1,1027,25725,3},
{28,84000,10500,5250,20000,0,20000,0,0,0,0,0,0,0,0,0,0,0,0,0,0,700,50,1720,3,1,1028,25725,4},
{29,84000,10500,5250,0,0,0,0,20000,0,0,0,0,0,0,0,0,0,0,20000,0,700,50,1520,3,1,1029,25725,1},
{30,84000,10500,5250,0,0,0,20000,0,20000,0,0,0,0,0,0,0,0,0,0,0,700,50,1320,3,1,1030,25725,2},
{31,84000,10500,5250,20000,0,20000,0,0,0,0,0,0,0,0,0,0,0,0,0,0,700,50,1120,3,1,1031,25725,3},
{32,84000,10500,5250,0,0,0,20000,0,20000,0,0,0,0,0,0,0,0,0,0,0,700,50,1320,3,1,1032,25725,4},
{33,84000,10500,5250,0,0,0,0,20000,0,0,0,0,0,0,0,0,0,0,20000,0,700,50,1520,3,1,1033,25725,1},
{34,84000,10500,5250,0,0,0,20000,0,20000,0,0,0,0,0,0,0,0,0,0,0,700,50,1320,3,1,1034,25725,2},
{35,84000,10500,5250,0,0,0,0,20000,0,0,0,0,0,0,0,0,0,0,20000,0,700,50,1120,3,1,1035,25725,3},
{36,84000,10500,5250,20000,0,20000,0,0,0,0,0,0,0,0,0,0,0,0,0,0,700,50,1720,3,1,1036,25725,4},
{37,84000,10500,5250,0,0,0,0,20000,0,0,0,0,0,0,0,0,0,0,20000,0,700,50,1120,3,1,1037,25725,1},
{38,84000,10500,5250,0,0,0,20000,0,20000,0,0,0,0,0,0,0,0,0,0,0,700,50,1320,3,1,1038,25725,2},
{39,84000,10500,5250,0,0,0,0,20000,0,0,0,0,0,0,0,0,0,0,20000,0,700,50,1720,3,1,1039,25725,3},
{40,84000,10500,5250,0,0,0,0,20000,0,0,0,0,0,0,0,0,0,0,20000,0,700,50,1520,3,1,1040,25725,4},
{41,84000,10500,5250,20000,0,20000,0,0,0,0,0,0,0,0,0,0,0,0,0,0,700,50,1120,3,1,1041,25725,1},
{42,84000,10500,5250,0,0,0,20000,0,20000,0,0,0,0,0,0,0,0,0,0,0,700,50,1320,3,1,1042,25725,2},
{1043,84000,10500,5250,0,0,0,0,20000,0,0,0,0,0,0,0,0,0,0,20000,0,700,50,1720,3,1,1043,25725,3},
{1044,84000,10500,5250,0,0,0,20000,0,20000,0,0,0,0,0,0,0,0,0,0,0,700,50,1320,3,1,1044,25725,4},
{1045,84000,10500,5250,0,0,0,0,20000,0,0,0,0,0,0,0,0,0,0,20000,0,700,50,1720,3,1,1045,25725,1},
{1046,84000,10500,5250,20000,0,20000,0,0,0,0,0,0,0,0,0,0,0,0,0,0,700,50,1120,3,1,1046,25725,2},
{1047,84000,10500,5250,0,0,0,0,20000,0,0,0,0,0,0,0,0,0,0,20000,0,700,50,1720,3,1,1047,25725,3},
{1048,84000,10500,5250,20000,0,20000,0,0,0,0,0,0,0,0,0,0,0,0,0,0,700,50,1120,3,1,1048,25725,4},
{1049,84000,10500,5250,0,0,0,0,20000,0,0,0,0,0,0,0,0,0,0,20000,0,700,50,1120,3,1,1049,25725,1},
{1050,84000,10500,5250,20000,0,20000,0,0,0,0,0,0,0,0,0,0,0,0,0,0,700,50,1120,3,1,1050,25725,2},
{1051,84000,10500,5250,0,0,0,0,20000,0,0,0,0,0,0,0,0,0,0,20000,0,700,50,1720,3,1,1051,25725,3},
{1052,84000,10500,5250,0,0,0,20000,0,20000,0,0,0,0,0,0,0,0,0,0,0,700,50,1320,3,1,1052,25725,4},
{1053,84000,10500,5250,0,0,0,20000,0,20000,0,0,0,0,0,0,0,0,0,0,0,700,50,1320,3,1,1053,25725,1},
{1054,84000,10500,5250,20000,0,20000,0,0,0,0,0,0,0,0,0,0,0,0,0,0,700,50,1120,3,1,1054,25725,2},
{1055,84000,10500,5250,0,0,0,20000,0,20000,0,0,0,0,0,0,0,0,0,0,0,700,50,1320,3,1,1055,25725,3},
{1056,84000,10500,5250,20000,0,20000,0,0,0,0,0,0,0,0,0,0,0,0,0,0,700,50,1120,3,1,1056,25725,4},
{1057,84000,10500,5250,0,0,0,0,20000,0,0,0,0,0,0,0,0,0,0,20000,0,700,50,1720,3,1,1057,25725,1},
{1058,84000,10500,5250,0,0,0,20000,0,20000,0,0,0,0,0,0,0,0,0,0,0,700,50,1320,3,1,1058,25725,2},
{1059,84000,10500,5250,0,0,0,20000,0,20000,0,0,0,0,0,0,0,0,0,0,0,700,50,1320,3,1,1059,25725,3},
{1060,84000,10500,5250,20000,0,20000,0,0,0,0,0,0,0,0,0,0,0,0,0,0,700,50,1120,3,1,1060,25725,4},
{1061,84000,10500,5250,20000,0,20000,0,0,0,0,0,0,0,0,0,0,0,0,0,0,700,50,1120,3,1,1061,25725,1},
{1062,84000,10500,5250,0,0,0,20000,0,20000,0,0,0,0,0,0,0,0,0,0,0,700,50,1320,3,1,1062,25725,2},
{1063,84000,10500,5250,0,0,0,0,20000,0,0,0,0,0,0,0,0,0,0,20000,0,700,50,1120,3,1,1063,25725,3},
{1064,84000,10500,5250,0,0,0,20000,0,20000,0,0,0,0,0,0,0,0,0,0,0,700,50,1320,3,1,1064,25725,4},
{1065,84000,10500,5250,0,0,0,0,20000,0,0,0,0,0,0,0,0,0,0,20000,0,700,50,1120,3,1,1065,25725,1},
{1066,84000,10500,5250,20000,0,20000,0,0,0,0,0,0,0,0,0,0,0,0,0,0,700,50,1120,3,1,1066,25725,2},
{1067,84000,10500,5250,0,0,0,20000,0,20000,0,0,0,0,0,0,0,0,0,0,0,700,50,1320,3,1,1067,25725,3},
{1068,84000,10500,5250,0,0,0,0,20000,0,0,0,0,0,0,0,0,0,0,20000,0,700,50,1520,3,1,1068,25725,4},
{1069,84000,10500,5250,20000,0,20000,0,0,0,0,0,0,0,0,0,0,0,0,0,0,700,50,1120,3,1,1069,25725,1},
{1070,84000,10500,5250,0,0,0,20000,0,20000,0,0,0,0,0,0,0,0,0,0,0,700,50,1320,3,1,1070,25725,2},
{1071,84000,10500,5250,20000,0,20000,0,0,0,0,0,0,0,0,0,0,0,0,0,0,700,50,1120,3,1,1071,25725,3},
{1072,84000,10500,5250,0,0,0,20000,0,20000,0,0,0,0,0,0,0,0,0,0,0,700,50,1320,3,1,1072,25725,4},
{1073,84000,10500,5250,0,0,0,0,20000,0,0,0,0,0,0,0,0,0,0,20000,0,700,50,1520,3,1,1073,25725,1},
{1074,84000,10500,5250,20000,0,20000,0,0,0,0,0,0,0,0,0,0,0,0,0,0,700,50,1120,3,1,1074,25725,2},
{1098,84000,10500,5250,0,0,0,20000,0,20000,0,0,0,0,0,0,0,0,0,0,0,700,50,1320,3,1,1098,25725,3},
{1099,84000,10500,5250,20000,0,20000,0,0,0,0,0,0,0,0,0,0,0,0,0,0,700,50,1120,3,1,1099,25725,4},
{121015,84000,10500,5250,0,0,0,0,20000,0,0,0,0,0,0,0,0,0,0,20000,0,700,50,1120,3,1,21015,25725,3},
{121070,84000,10500,5250,0,0,0,20000,0,20000,0,0,0,0,0,0,0,0,0,0,0,700,50,1320,3,1,21070,25725,1},
{121072,84000,10500,5250,0,0,0,20000,0,20000,0,0,0,0,0,0,0,0,0,0,0,700,50,1320,3,1,21072,25725,3},
{121073,84000,10500,5250,0,0,0,0,20000,0,0,0,0,0,0,0,0,0,0,20000,0,700,50,1120,3,1,21073,25725,1},
{121074,84000,10500,5250,20000,0,20000,0,0,0,0,0,0,0,0,0,0,0,0,0,0,700,50,1120,3,1,21074,25725,3},
{121075,84000,10500,5250,0,0,0,0,20000,0,0,0,0,0,0,0,0,0,0,20000,0,700,50,1120,3,1,21075,25725,2},
{121076,84000,10500,5250,0,0,0,0,20000,0,0,0,0,0,0,0,0,0,0,20000,0,700,50,1120,3,1,21076,25725,4},
{121077,84000,10500,5250,0,0,0,0,20000,0,0,0,0,0,0,0,0,0,0,20000,0,700,50,1120,3,1,21077,25725,4},
{121078,84000,10500,5250,20000,0,20000,0,0,0,0,0,0,0,0,0,0,0,0,0,0,700,50,1120,3,1,21078,25725,1},
{121079,84000,10500,5250,0,0,0,20000,0,20000,0,0,0,0,0,0,0,0,0,0,0,700,50,1320,3,1,21079,25725,2},
{121080,84000,10500,5250,20000,0,20000,0,0,0,0,0,0,0,0,0,0,0,0,0,0,700,50,1120,3,1,21080,25725,2},
{121081,84000,10500,5250,0,0,0,20000,0,20000,0,0,0,0,0,0,0,0,0,0,0,700,50,1320,3,1,21081,25725,3},
{121082,84000,10500,5250,0,0,0,20000,0,20000,0,0,0,0,0,0,0,0,0,0,0,700,50,1320,3,1,21082,25725,4},
{121083,84000,10500,5250,20000,0,20000,0,0,0,0,0,0,0,0,0,0,0,0,0,0,700,50,1120,3,1,21083,25725,1},
{121084,84000,10500,5250,0,0,0,0,20000,0,0,0,0,0,0,0,0,0,0,20000,0,700,50,1120,3,1,21084,25725,2},
{121085,84000,10500,5250,20000,0,20000,0,0,0,0,0,0,0,0,0,0,0,0,0,0,700,50,1120,3,1,21085,25725,3},
{121086,84000,10500,5250,0,0,0,0,20000,0,0,0,0,0,0,0,0,0,0,20000,0,700,50,1120,3,1,21086,25725,4},
{121087,84000,10500,5250,0,0,0,20000,0,20000,0,0,0,0,0,0,0,0,0,0,0,700,50,1320,3,1,21087,25725,1},
{121088,84000,10500,5250,0,0,0,0,20000,0,0,0,0,0,0,0,0,0,0,20000,0,700,50,1120,3,1,21088,25725,2},
{121089,84000,10500,5250,0,0,0,20000,0,20000,0,0,0,0,0,0,0,0,0,0,0,700,50,1320,3,1,21089,25725,3},
{121090,84000,10500,5250,20000,0,20000,0,0,0,0,0,0,0,0,0,0,0,0,0,0,700,50,1120,3,1,21090,25725,4},
{121101,84000,10500,5250,0,0,0,20000,0,20000,0,0,0,0,0,0,0,0,0,0,0,700,50,1320,3,1,21101,25725,1},
{121102,84000,10500,5250,20000,0,20000,0,0,0,0,0,0,0,0,0,0,0,0,0,0,700,50,1120,3,1,21102,25725,2},
{121103,84000,10500,5250,0,0,0,0,20000,0,0,0,0,0,0,0,0,0,0,20000,0,700,50,1120,3,1,21103,25725,3},
{121104,84000,10500,5250,20000,0,20000,0,0,0,0,0,0,0,0,0,0,0,0,0,0,700,50,1120,3,1,21104,25725,4},
{121105,84000,10500,5250,0,0,0,0,20000,0,0,0,0,0,0,0,0,0,0,20000,0,700,50,1120,3,1,21105,25725,1},
{121106,84000,10500,5250,0,0,0,20000,0,20000,0,0,0,0,0,0,0,0,0,0,0,700,50,1320,3,1,21106,25725,2},
{121107,84000,10500,5250,0,0,0,0,20000,0,0,0,0,0,0,0,0,0,0,20000,0,700,50,1120,3,1,21107,25725,3},
{121108,84000,10500,5250,0,0,0,20000,0,20000,0,0,0,0,0,0,0,0,0,0,0,700,50,1320,3,1,21108,25725,4},
{121109,84000,10500,5250,20000,0,20000,0,0,0,0,0,0,0,0,0,0,0,0,0,0,700,50,1120,3,1,21109,25725,1},
{121110,84000,10500,5250,0,0,0,20000,0,20000,0,0,0,0,0,0,0,0,0,0,0,700,50,1320,3,1,21110,25725,2},
{121111,84000,10500,5250,20000,0,20000,0,0,0,0,0,0,0,0,0,0,0,0,0,0,700,50,1120,3,1,21111,25725,3},
{121112,84000,10500,5250,0,0,0,0,20000,0,0,0,0,0,0,0,0,0,0,20000,0,700,50,1120,3,1,21112,25725,4},
{121113,84000,10500,5250,20000,0,20000,0,0,0,0,0,0,0,0,0,0,0,0,0,0,700,50,1120,3,1,21113,25725,1},
{121114,84000,10500,5250,0,0,0,0,20000,0,0,0,0,0,0,0,0,0,0,20000,0,700,50,1120,3,1,21114,25725,2},
{121115,84000,10500,5250,0,0,0,20000,0,20000,0,0,0,0,0,0,0,0,0,0,0,700,50,1320,3,1,21115,25725,3},
{121116,84000,10500,5250,0,0,0,0,20000,0,0,0,0,0,0,0,0,0,0,20000,0,700,50,1120,3,1,21116,25725,4},
{131103,84000,10500,5250,0,0,0,0,20000,0,0,0,0,0,0,0,0,0,0,20000,0,700,50,1120,3,1,31103,25725,3},
{131105,84000,10500,5250,20000,0,20000,0,0,0,0,0,0,0,0,0,0,0,0,0,0,700,50,1120,3,1,31105,25725,1},
{131106,84000,10500,5250,0,0,0,20000,0,20000,0,0,0,0,0,0,0,0,0,0,0,700,50,1320,3,1,31106,25725,2},
{131107,84000,10500,5250,20000,0,20000,0,0,0,0,0,0,0,0,0,0,0,0,0,0,700,50,1120,3,1,31107,25725,3},
{131108,84000,10500,5250,0,0,0,0,20000,0,0,0,0,0,0,0,0,0,0,20000,0,700,50,1120,3,1,31108,25725,4},
{131109,84000,10500,5250,20000,0,20000,0,0,0,0,0,0,0,0,0,0,0,0,0,0,700,50,1120,3,1,31109,25725,1},
{131110,84000,10500,5250,0,0,0,0,20000,0,0,0,0,0,0,0,0,0,0,20000,0,700,50,1120,3,1,31110,25725,2},
{131111,84000,10500,5250,0,0,0,20000,0,20000,0,0,0,0,0,0,0,0,0,0,0,700,50,1320,3,1,31111,25725,3},
{131112,84000,10500,5250,0,0,0,0,20000,0,0,0,0,0,0,0,0,0,0,20000,0,700,50,1120,3,1,31112,25725,4},
{131113,84000,10500,5250,0,0,0,20000,0,20000,0,0,0,0,0,0,0,0,0,0,0,700,50,1320,3,1,31113,25725,1},
{131114,84000,10500,5250,20000,0,20000,0,0,0,0,0,0,0,0,0,0,0,0,0,0,700,50,1320,3,1,31114,25725,2},
{131115,84000,10500,5250,0,0,0,20000,0,20000,0,0,0,0,0,0,0,0,0,0,0,700,50,1320,3,1,31115,25725,3},
{131116,84000,10500,5250,20000,0,20000,0,0,0,0,0,0,0,0,0,0,0,0,0,0,700,50,1320,3,1,31116,25725,4},
{131117,84000,10500,5250,0,0,0,0,20000,0,0,0,0,0,0,0,0,0,0,20000,0,700,50,1120,3,1,31117,25725,4},
{131118,84000,10500,5250,20000,0,20000,0,0,0,0,0,0,0,0,0,0,0,0,0,0,700,50,1320,3,1,31118,25725,1},
{131119,84000,10500,5250,0,0,0,0,20000,0,0,0,0,0,0,0,0,0,0,20000,0,700,50,1120,3,1,31119,25725,2},
{131120,84000,10500,5250,0,0,0,20000,0,20000,0,0,0,0,0,0,0,0,0,0,0,700,50,1320,3,1,31120,25725,3},
{131121,84000,10500,5250,0,0,0,0,20000,0,0,0,0,0,0,0,0,0,0,20000,0,700,50,1120,3,1,31121,25725,1},
{131122,84000,10500,5250,0,0,0,20000,0,20000,0,0,0,0,0,0,0,0,0,0,0,700,50,1320,3,1,31122,25725,2},
{131123,84000,10500,5250,20000,0,20000,0,0,0,0,0,0,0,0,0,0,0,0,0,0,700,50,1320,3,1,31123,25725,3},
{43,86400,10800,5400,27500,0,23000,0,0,0,0,0,0,0,0,0,0,0,0,0,0,700,100,1420,3,2,1001,26460,1},
{44,86400,10800,5400,0,0,0,0,27500,0,0,0,0,0,0,0,0,0,0,23000,0,700,100,1620,3,2,1002,26460,2},
{45,86400,10800,5400,0,0,0,27500,0,23000,0,0,0,0,0,0,0,0,0,0,0,700,100,1220,3,2,1003,26460,3},
{46,86400,10800,5400,0,0,0,0,27500,0,0,0,0,0,0,0,0,0,0,23000,0,700,100,1220,3,2,1004,26460,4},
{47,86400,10800,5400,0,0,0,0,27500,0,0,0,0,0,0,0,0,0,0,23000,0,700,100,1020,3,2,1005,26460,1},
{48,86400,10800,5400,0,0,0,27500,0,23000,0,0,0,0,0,0,0,0,0,0,0,700,100,1420,3,2,1006,26460,2},
{49,86400,10800,5400,0,0,0,27500,0,23000,0,0,0,0,0,0,0,0,0,0,0,700,100,1220,3,2,1007,26460,3},
{50,86400,10800,5400,0,0,0,27500,0,23000,0,0,0,0,0,0,0,0,0,0,0,700,100,1620,3,2,1008,26460,4},
{51,86400,10800,5400,27500,0,23000,0,0,0,0,0,0,0,0,0,0,0,0,0,0,700,100,1220,3,2,1009,26460,1},
{52,86400,10800,5400,27500,0,23000,0,0,0,0,0,0,0,0,0,0,0,0,0,0,700,100,1620,3,2,1010,26460,2},
{53,86400,10800,5400,27500,0,23000,0,0,0,0,0,0,0,0,0,0,0,0,0,0,700,100,1420,3,2,1011,26460,3},
{54,100800,12600,6300,27500,0,23000,0,0,0,0,0,0,0,0,0,0,0,0,0,0,700,100,1720,3,2,1012,30870,4},
{55,86400,10800,5400,0,0,0,0,27500,0,0,0,0,0,0,0,0,0,0,23000,0,700,100,1420,3,2,1013,26460,1},
{56,86400,10800,5400,0,0,0,0,27500,0,0,0,0,0,0,0,0,0,0,23000,0,700,100,1420,3,2,1014,26460,2},
{57,100800,12600,6300,0,0,0,0,27500,0,0,0,0,0,0,0,0,0,0,23000,0,700,100,1120,3,2,1015,30870,3},
{58,100800,12600,6300,27500,0,23000,0,0,0,0,0,0,0,0,0,0,0,0,0,0,700,100,1120,3,2,1016,30870,4},
{59,100800,12600,6300,0,0,0,0,27500,0,0,0,0,0,0,0,0,0,0,23000,0,700,100,1720,3,2,1017,30870,1},
{60,100800,12600,6300,0,0,0,27500,0,23000,0,0,0,0,0,0,0,0,0,0,0,700,100,1320,3,2,1018,30870,2},
{61,100800,12600,6300,0,0,0,0,27500,0,0,0,0,0,0,0,0,0,0,23000,0,700,100,1520,3,2,1019,30870,3},
{62,100800,12600,6300,27500,0,23000,0,0,0,0,0,0,0,0,0,0,0,0,0,0,700,100,1520,3,2,1020,30870,4},
{63,100800,12600,6300,0,0,0,27500,0,23000,0,0,0,0,0,0,0,0,0,0,0,700,100,1720,3,2,1021,30870,1},
{64,100800,12600,6300,0,0,0,0,27500,0,0,0,0,0,0,0,0,0,0,23000,0,700,100,1120,3,2,1022,30870,2},
{65,100800,12600,6300,0,0,0,27500,0,23000,0,0,0,0,0,0,0,0,0,0,0,700,100,1320,3,2,1023,30870,3},
{66,100800,12600,6300,0,0,0,0,27500,0,0,0,0,0,0,0,0,0,0,23000,0,700,100,1320,3,2,1024,30870,4},
{67,100800,12600,6300,27500,0,23000,0,0,0,0,0,0,0,0,0,0,0,0,0,0,700,100,1720,3,2,1025,30870,1},
{68,100800,12600,6300,27500,0,23000,0,0,0,0,0,0,0,0,0,0,0,0,0,0,700,100,1120,3,2,1026,30870,2},
{69,100800,12600,6300,0,0,0,27500,0,23000,0,0,0,0,0,0,0,0,0,0,0,700,100,1320,3,2,1027,30870,3},
{70,100800,12600,6300,27500,0,23000,0,0,0,0,0,0,0,0,0,0,0,0,0,0,700,100,1720,3,2,1028,30870,4},
{71,100800,12600,6300,0,0,0,0,27500,0,0,0,0,0,0,0,0,0,0,23000,0,700,100,1520,3,2,1029,30870,1},
{72,100800,12600,6300,0,0,0,27500,0,23000,0,0,0,0,0,0,0,0,0,0,0,700,100,1320,3,2,1030,30870,2},
{73,100800,12600,6300,27500,0,23000,0,0,0,0,0,0,0,0,0,0,0,0,0,0,700,100,1120,3,2,1031,30870,3},
{74,100800,12600,6300,0,0,0,27500,0,23000,0,0,0,0,0,0,0,0,0,0,0,700,100,1320,3,2,1032,30870,4},
{75,100800,12600,6300,0,0,0,0,27500,0,0,0,0,0,0,0,0,0,0,23000,0,700,100,1520,3,2,1033,30870,1},
{76,100800,12600,6300,0,0,0,27500,0,23000,0,0,0,0,0,0,0,0,0,0,0,700,100,1320,3,2,1034,30870,2},
{77,100800,12600,6300,0,0,0,0,27500,0,0,0,0,0,0,0,0,0,0,23000,0,700,100,1120,3,2,1035,30870,3},
{78,100800,12600,6300,27500,0,23000,0,0,0,0,0,0,0,0,0,0,0,0,0,0,700,100,1720,3,2,1036,30870,4},
{79,100800,12600,6300,0,0,0,0,27500,0,0,0,0,0,0,0,0,0,0,23000,0,700,100,1120,3,2,1037,30870,1},
{80,100800,12600,6300,0,0,0,27500,0,23000,0,0,0,0,0,0,0,0,0,0,0,700,100,1320,3,2,1038,30870,2},
{81,100800,12600,6300,0,0,0,0,27500,0,0,0,0,0,0,0,0,0,0,23000,0,700,100,1720,3,2,1039,30870,3},
{82,100800,12600,6300,0,0,0,0,27500,0,0,0,0,0,0,0,0,0,0,23000,0,700,100,1520,3,2,1040,30870,4},
{83,100800,12600,6300,27500,0,23000,0,0,0,0,0,0,0,0,0,0,0,0,0,0,700,100,1120,3,2,1041,30870,1},
{84,100800,12600,6300,0,0,0,27500,0,23000,0,0,0,0,0,0,0,0,0,0,0,700,100,1320,3,2,1042,30870,2},
{2085,100800,12600,6300,0,0,0,0,27500,0,0,0,0,0,0,0,0,0,0,23000,0,700,100,1720,3,2,1043,30870,3},
{2086,100800,12600,6300,0,0,0,27500,0,23000,0,0,0,0,0,0,0,0,0,0,0,700,100,1320,3,2,1044,30870,4},
{2087,100800,12600,6300,0,0,0,0,27500,0,0,0,0,0,0,0,0,0,0,23000,0,700,100,1720,3,2,1045,30870,1},
{2088,100800,12600,6300,27500,0,23000,0,0,0,0,0,0,0,0,0,0,0,0,0,0,700,100,1120,3,2,1046,30870,2},
{2089,100800,12600,6300,0,0,0,0,27500,0,0,0,0,0,0,0,0,0,0,23000,0,700,100,1720,3,2,1047,30870,3},
{2090,100800,12600,6300,27500,0,23000,0,0,0,0,0,0,0,0,0,0,0,0,0,0,700,100,1120,3,2,1048,30870,4},
{2091,100800,12600,6300,0,0,0,0,27500,0,0,0,0,0,0,0,0,0,0,23000,0,700,100,1120,3,2,1049,30870,1},
{2092,100800,12600,6300,27500,0,23000,0,0,0,0,0,0,0,0,0,0,0,0,0,0,700,100,1120,3,2,1050,30870,2},
{2093,100800,12600,6300,0,0,0,0,27500,0,0,0,0,0,0,0,0,0,0,23000,0,700,100,1720,3,2,1051,30870,3},
{2094,100800,12600,6300,0,0,0,27500,0,23000,0,0,0,0,0,0,0,0,0,0,0,700,100,1320,3,2,1052,30870,4},
{2095,100800,12600,6300,0,0,0,27500,0,23000,0,0,0,0,0,0,0,0,0,0,0,700,100,1320,3,2,1053,30870,1},
{2096,100800,12600,6300,27500,0,23000,0,0,0,0,0,0,0,0,0,0,0,0,0,0,700,100,1120,3,2,1054,30870,2},
{2097,100800,12600,6300,0,0,0,27500,0,23000,0,0,0,0,0,0,0,0,0,0,0,700,100,1320,3,2,1055,30870,3},
{2098,100800,12600,6300,27500,0,23000,0,0,0,0,0,0,0,0,0,0,0,0,0,0,700,100,1120,3,2,1056,30870,4},
{2099,100800,12600,6300,0,0,0,0,27500,0,0,0,0,0,0,0,0,0,0,23000,0,700,100,1720,3,2,1057,30870,1},
{2100,100800,12600,6300,0,0,0,27500,0,23000,0,0,0,0,0,0,0,0,0,0,0,700,100,1320,3,2,1058,30870,2},
{2101,100800,12600,6300,0,0,0,27500,0,23000,0,0,0,0,0,0,0,0,0,0,0,700,100,1320,3,2,1059,30870,3},
{2102,100800,12600,6300,27500,0,23000,0,0,0,0,0,0,0,0,0,0,0,0,0,0,700,100,1120,3,2,1060,30870,4},
{2103,100800,12600,6300,27500,0,23000,0,0,0,0,0,0,0,0,0,0,0,0,0,0,700,100,1120,3,2,1061,30870,1},
{2104,100800,12600,6300,0,0,0,27500,0,23000,0,0,0,0,0,0,0,0,0,0,0,700,100,1320,3,2,1062,30870,2},
{2105,100800,12600,6300,0,0,0,0,27500,0,0,0,0,0,0,0,0,0,0,23000,0,700,100,1120,3,2,1063,30870,3},
{2106,100800,12600,6300,0,0,0,27500,0,23000,0,0,0,0,0,0,0,0,0,0,0,700,100,1320,3,2,1064,30870,4},
{2107,100800,12600,6300,0,0,0,0,27500,0,0,0,0,0,0,0,0,0,0,23000,0,700,100,1120,3,2,1065,30870,1},
{2108,100800,12600,6300,27500,0,23000,0,0,0,0,0,0,0,0,0,0,0,0,0,0,700,100,1120,3,2,1066,30870,2},
{2109,100800,12600,6300,0,0,0,27500,0,23000,0,0,0,0,0,0,0,0,0,0,0,700,100,1320,3,2,1067,30870,3},
{2110,100800,12600,6300,0,0,0,0,27500,0,0,0,0,0,0,0,0,0,0,23000,0,700,100,1520,3,2,1068,30870,4},
{2111,100800,12600,6300,27500,0,23000,0,0,0,0,0,0,0,0,0,0,0,0,0,0,700,100,1120,3,2,1069,30870,1},
{2112,100800,12600,6300,0,0,0,27500,0,23000,0,0,0,0,0,0,0,0,0,0,0,700,100,1320,3,2,1070,30870,2},
{2113,100800,12600,6300,27500,0,23000,0,0,0,0,0,0,0,0,0,0,0,0,0,0,700,100,1120,3,2,1071,30870,3},
{2114,100800,12600,6300,0,0,0,27500,0,23000,0,0,0,0,0,0,0,0,0,0,0,700,100,1320,3,2,1072,30870,4},
{2115,100800,12600,6300,0,0,0,0,27500,0,0,0,0,0,0,0,0,0,0,23000,0,700,100,1520,3,2,1073,30870,1},
{2116,100800,12600,6300,27500,0,23000,0,0,0,0,0,0,0,0,0,0,0,0,0,0,700,100,1120,3,2,1074,30870,2},
{2140,100800,12600,6300,0,0,0,27500,0,23000,0,0,0,0,0,0,0,0,0,0,0,700,100,1320,3,2,1098,30870,3},
{2141,100800,12600,6300,27500,0,23000,0,0,0,0,0,0,0,0,0,0,0,0,0,0,700,100,1120,3,2,1099,30870,4},
{221015,100800,12600,6300,0,0,0,0,27500,0,0,0,0,0,0,0,0,0,0,23000,0,700,100,1120,3,2,21015,30870,3},
{221070,100800,12600,6300,0,0,0,27500,0,23000,0,0,0,0,0,0,0,0,0,0,0,700,100,1320,3,2,21070,30870,1},
{221072,100800,12600,6300,0,0,0,27500,0,23000,0,0,0,0,0,0,0,0,0,0,0,700,100,1320,3,2,21072,30870,3},
{221073,100800,12600,6300,0,0,0,0,27500,0,0,0,0,0,0,0,0,0,0,23000,0,700,100,1120,3,2,21073,30870,1},
{221074,100800,12600,6300,27500,0,23000,0,0,0,0,0,0,0,0,0,0,0,0,0,0,700,100,1120,3,2,21074,30870,3},
{221075,100800,12600,6300,0,0,0,0,27500,0,0,0,0,0,0,0,0,0,0,23000,0,700,100,1120,3,2,21075,30870,2},
{221076,100800,12600,6300,0,0,0,0,27500,0,0,0,0,0,0,0,0,0,0,23000,0,700,100,1120,3,2,21076,30870,4},
{221077,100800,12600,6300,0,0,0,0,27500,0,0,0,0,0,0,0,0,0,0,23000,0,700,100,1120,3,2,21077,30870,4},
{221078,100800,12600,6300,27500,0,23000,0,0,0,0,0,0,0,0,0,0,0,0,0,0,700,100,1120,3,2,21078,30870,1},
{221079,100800,12600,6300,0,0,0,27500,0,23000,0,0,0,0,0,0,0,0,0,0,0,700,100,1320,3,2,21079,30870,2},
{221080,100800,12600,6300,27500,0,23000,0,0,0,0,0,0,0,0,0,0,0,0,0,0,700,100,1120,3,2,21080,30870,2},
{221081,100800,12600,6300,0,0,0,27500,0,23000,0,0,0,0,0,0,0,0,0,0,0,700,100,1320,3,2,21081,30870,3},
{221082,100800,12600,6300,0,0,0,27500,0,23000,0,0,0,0,0,0,0,0,0,0,0,700,100,1320,3,2,21082,30870,4},
{221083,100800,12600,6300,27500,0,23000,0,0,0,0,0,0,0,0,0,0,0,0,0,0,700,100,1120,3,2,21083,30870,1},
{221084,100800,12600,6300,0,0,0,0,27500,0,0,0,0,0,0,0,0,0,0,23000,0,700,100,1120,3,2,21084,30870,2},
{221085,100800,12600,6300,27500,0,23000,0,0,0,0,0,0,0,0,0,0,0,0,0,0,700,100,1120,3,2,21085,30870,3},
{221086,100800,12600,6300,0,0,0,0,27500,0,0,0,0,0,0,0,0,0,0,23000,0,700,100,1120,3,2,21086,30870,4},
{221087,100800,12600,6300,0,0,0,27500,0,23000,0,0,0,0,0,0,0,0,0,0,0,700,100,1320,3,2,21087,30870,1},
{221088,100800,12600,6300,0,0,0,0,27500,0,0,0,0,0,0,0,0,0,0,23000,0,700,100,1120,3,2,21088,30870,2},
{221089,100800,12600,6300,0,0,0,27500,0,23000,0,0,0,0,0,0,0,0,0,0,0,700,100,1320,3,2,21089,30870,3},
{221090,100800,12600,6300,27500,0,23000,0,0,0,0,0,0,0,0,0,0,0,0,0,0,700,100,1120,3,2,21090,30870,4},
{221101,100800,12600,6300,0,0,0,27500,0,23000,0,0,0,0,0,0,0,0,0,0,0,700,100,1320,3,2,21101,30870,1},
{221102,100800,12600,6300,27500,0,23000,0,0,0,0,0,0,0,0,0,0,0,0,0,0,700,100,1120,3,2,21102,30870,2},
{221103,100800,12600,6300,0,0,0,0,27500,0,0,0,0,0,0,0,0,0,0,23000,0,700,100,1120,3,2,21103,30870,3},
{221104,100800,12600,6300,27500,0,23000,0,0,0,0,0,0,0,0,0,0,0,0,0,0,700,100,1120,3,2,21104,30870,4},
{221105,100800,12600,6300,0,0,0,0,27500,0,0,0,0,0,0,0,0,0,0,23000,0,700,100,1120,3,2,21105,30870,1},
{221106,100800,12600,6300,0,0,0,27500,0,23000,0,0,0,0,0,0,0,0,0,0,0,700,100,1320,3,2,21106,30870,2},
{221107,100800,12600,6300,0,0,0,0,27500,0,0,0,0,0,0,0,0,0,0,23000,0,700,100,1120,3,2,21107,30870,3},
{221108,100800,12600,6300,0,0,0,27500,0,23000,0,0,0,0,0,0,0,0,0,0,0,700,100,1320,3,2,21108,30870,4},
{221109,100800,12600,6300,27500,0,23000,0,0,0,0,0,0,0,0,0,0,0,0,0,0,700,100,1120,3,2,21109,30870,1},
{221110,100800,12600,6300,0,0,0,27500,0,23000,0,0,0,0,0,0,0,0,0,0,0,700,100,1320,3,2,21110,30870,2},
{221111,100800,12600,6300,27500,0,23000,0,0,0,0,0,0,0,0,0,0,0,0,0,0,700,100,1120,3,2,21111,30870,3},
{221112,100800,12600,6300,0,0,0,0,27500,0,0,0,0,0,0,0,0,0,0,23000,0,700,100,1120,3,2,21112,30870,4},
{221113,100800,12600,6300,27500,0,23000,0,0,0,0,0,0,0,0,0,0,0,0,0,0,700,100,1120,3,2,21113,30870,1},
{221114,100800,12600,6300,0,0,0,0,27500,0,0,0,0,0,0,0,0,0,0,23000,0,700,100,1120,3,2,21114,30870,2},
{221115,100800,12600,6300,0,0,0,27500,0,23000,0,0,0,0,0,0,0,0,0,0,0,700,100,1320,3,2,21115,30870,3},
{221116,100800,12600,6300,0,0,0,0,27500,0,0,0,0,0,0,0,0,0,0,23000,0,700,100,1120,3,2,21116,30870,4},
{231103,100800,12600,6300,0,0,0,0,27500,0,0,0,0,0,0,0,0,0,0,23000,0,700,100,1120,3,2,31103,30870,3},
{231105,100800,12600,6300,27500,0,23000,0,0,0,0,0,0,0,0,0,0,0,0,0,0,700,100,1120,3,2,31105,30870,1},
{231106,100800,12600,6300,0,0,0,27500,0,23000,0,0,0,0,0,0,0,0,0,0,0,700,100,1320,3,2,31106,30870,2},
{231107,100800,12600,6300,27500,0,23000,0,0,0,0,0,0,0,0,0,0,0,0,0,0,700,100,1120,3,2,31107,30870,3},
{231108,100800,12600,6300,0,0,0,0,27500,0,0,0,0,0,0,0,0,0,0,23000,0,700,100,1120,3,2,31108,30870,4},
{231109,100800,12600,6300,27500,0,23000,0,0,0,0,0,0,0,0,0,0,0,0,0,0,700,100,1120,3,2,31109,30870,1},
{231110,100800,12600,6300,0,0,0,0,27500,0,0,0,0,0,0,0,0,0,0,23000,0,700,100,1120,3,2,31110,30870,2},
{231111,100800,12600,6300,0,0,0,27500,0,23000,0,0,0,0,0,0,0,0,0,0,0,700,100,1320,3,2,31111,30870,3},
{231112,100800,12600,6300,0,0,0,0,27500,0,0,0,0,0,0,0,0,0,0,23000,0,700,100,1120,3,2,31112,30870,4},
{231113,100800,12600,6300,0,0,0,27500,0,23000,0,0,0,0,0,0,0,0,0,0,0,700,100,1320,3,2,31113,30870,1},
{231114,100800,12600,6300,27500,0,23000,0,0,0,0,0,0,0,0,0,0,0,0,0,0,700,100,1320,3,2,31114,30870,2},
{231115,100800,12600,6300,0,0,0,27500,0,23000,0,0,0,0,0,0,0,0,0,0,0,700,100,1320,3,2,31115,30870,3},
{231116,100800,12600,6300,27500,0,23000,0,0,0,0,0,0,0,0,0,0,0,0,0,0,700,100,1320,3,2,31116,30870,4},
{231117,100800,12600,6300,0,0,0,0,27500,0,0,0,0,0,0,0,0,0,0,23000,0,700,100,1120,3,2,31117,30870,4},
{231118,100800,12600,6300,27500,0,23000,0,0,0,0,0,0,0,0,0,0,0,0,0,0,700,100,1320,3,2,31118,30870,1},
{231119,100800,12600,6300,0,0,0,0,27500,0,0,0,0,0,0,0,0,0,0,23000,0,700,100,1120,3,2,31119,30870,2},
{231120,100800,12600,6300,0,0,0,27500,0,23000,0,0,0,0,0,0,0,0,0,0,0,700,100,1320,3,2,31120,30870,3},
{231121,100800,12600,6300,0,0,0,0,27500,0,0,0,0,0,0,0,0,0,0,23000,0,700,100,1120,3,2,31121,30870,1},
{231122,100800,12600,6300,0,0,0,27500,0,23000,0,0,0,0,0,0,0,0,0,0,0,700,100,1320,3,2,31122,30870,2},
{231123,100800,12600,6300,27500,0,23000,0,0,0,0,0,0,0,0,0,0,0,0,0,0,700,100,1320,3,2,31123,30870,3},
{85,100800,12600,6300,30000,0,23500,0,0,0,0,0,0,0,0,0,0,0,0,0,0,700,150,1420,3,3,1001,30870,1},
{86,100800,12600,6300,0,0,0,0,30000,0,0,0,0,0,0,0,0,0,0,23500,0,700,150,1620,3,3,1002,30870,2},
{87,100800,12600,6300,0,0,0,30000,0,23500,0,0,0,0,0,0,0,0,0,0,0,700,150,1220,3,3,1003,30870,3},
{88,100800,12600,6300,0,0,0,0,30000,0,0,0,0,0,0,0,0,0,0,23500,0,700,150,1220,3,3,1004,30870,4},
{89,100800,12600,6300,0,0,0,0,30000,0,0,0,0,0,0,0,0,0,0,23500,0,700,150,1020,3,3,1005,30870,1},
{90,100800,12600,6300,0,0,0,30000,0,23500,0,0,0,0,0,0,0,0,0,0,0,700,150,1420,3,3,1006,30870,2},
{91,100800,12600,6300,0,0,0,30000,0,23500,0,0,0,0,0,0,0,0,0,0,0,700,150,1220,3,3,1007,30870,3},
{92,100800,12600,6300,0,0,0,30000,0,23500,0,0,0,0,0,0,0,0,0,0,0,700,150,1620,3,3,1008,30870,4},
{93,100800,12600,6300,30000,0,23500,0,0,0,0,0,0,0,0,0,0,0,0,0,0,700,150,1220,3,3,1009,30870,1},
{94,100800,12600,6300,30000,0,23500,0,0,0,0,0,0,0,0,0,0,0,0,0,0,700,150,1620,3,3,1010,30870,2},
{95,100800,12600,6300,30000,0,23500,0,0,0,0,0,0,0,0,0,0,0,0,0,0,700,150,1420,3,3,1011,30870,3},
{96,117600,14700,7350,30000,0,23500,0,0,0,0,0,0,0,0,0,0,0,0,0,0,700,150,1720,3,3,1012,36015,4},
{97,100800,12600,6300,0,0,0,0,30000,0,0,0,0,0,0,0,0,0,0,23500,0,700,150,1420,3,3,1013,30870,1},
{98,100800,12600,6300,0,0,0,0,30000,0,0,0,0,0,0,0,0,0,0,23500,0,700,150,1420,3,3,1014,30870,2},
{99,117600,14700,7350,0,0,0,0,30000,0,0,0,0,0,0,0,0,0,0,23500,0,700,150,1120,3,3,1015,36015,3},
{100,117600,14700,7350,30000,0,23500,0,0,0,0,0,0,0,0,0,0,0,0,0,0,700,150,1120,3,3,1016,36015,4},
{101,117600,14700,7350,0,0,0,0,30000,0,0,0,0,0,0,0,0,0,0,23500,0,700,150,1720,3,3,1017,36015,1},
{102,117600,14700,7350,0,0,0,30000,0,23500,0,0,0,0,0,0,0,0,0,0,0,700,150,1320,3,3,1018,36015,2},
{103,117600,14700,7350,0,0,0,0,30000,0,0,0,0,0,0,0,0,0,0,23500,0,700,150,1520,3,3,1019,36015,3},
{104,117600,14700,7350,30000,0,23500,0,0,0,0,0,0,0,0,0,0,0,0,0,0,700,150,1520,3,3,1020,36015,4},
{105,117600,14700,7350,0,0,0,30000,0,23500,0,0,0,0,0,0,0,0,0,0,0,700,150,1720,3,3,1021,36015,1},
{106,117600,14700,7350,0,0,0,0,30000,0,0,0,0,0,0,0,0,0,0,23500,0,700,150,1120,3,3,1022,36015,2},
{107,117600,14700,7350,0,0,0,30000,0,23500,0,0,0,0,0,0,0,0,0,0,0,700,150,1320,3,3,1023,36015,3},
{108,117600,14700,7350,0,0,0,0,30000,0,0,0,0,0,0,0,0,0,0,23500,0,700,150,1320,3,3,1024,36015,4},
{109,117600,14700,7350,30000,0,23500,0,0,0,0,0,0,0,0,0,0,0,0,0,0,700,150,1720,3,3,1025,36015,1},
{110,117600,14700,7350,30000,0,23500,0,0,0,0,0,0,0,0,0,0,0,0,0,0,700,150,1120,3,3,1026,36015,2},
{111,117600,14700,7350,0,0,0,30000,0,23500,0,0,0,0,0,0,0,0,0,0,0,700,150,1320,3,3,1027,36015,3},
{112,117600,14700,7350,30000,0,23500,0,0,0,0,0,0,0,0,0,0,0,0,0,0,700,150,1720,3,3,1028,36015,4},
{113,117600,14700,7350,0,0,0,0,30000,0,0,0,0,0,0,0,0,0,0,23500,0,700,150,1520,3,3,1029,36015,1},
{114,117600,14700,7350,0,0,0,30000,0,23500,0,0,0,0,0,0,0,0,0,0,0,700,150,1320,3,3,1030,36015,2},
{115,117600,14700,7350,30000,0,23500,0,0,0,0,0,0,0,0,0,0,0,0,0,0,700,150,1120,3,3,1031,36015,3},
{116,117600,14700,7350,0,0,0,30000,0,23500,0,0,0,0,0,0,0,0,0,0,0,700,150,1320,3,3,1032,36015,4},
{117,117600,14700,7350,0,0,0,0,30000,0,0,0,0,0,0,0,0,0,0,23500,0,700,150,1520,3,3,1033,36015,1},
{118,117600,14700,7350,0,0,0,30000,0,23500,0,0,0,0,0,0,0,0,0,0,0,700,150,1320,3,3,1034,36015,2},
{119,117600,14700,7350,0,0,0,0,30000,0,0,0,0,0,0,0,0,0,0,23500,0,700,150,1120,3,3,1035,36015,3},
{120,117600,14700,7350,30000,0,23500,0,0,0,0,0,0,0,0,0,0,0,0,0,0,700,150,1720,3,3,1036,36015,4},
{121,117600,14700,7350,0,0,0,0,30000,0,0,0,0,0,0,0,0,0,0,23500,0,700,150,1120,3,3,1037,36015,1},
{122,117600,14700,7350,0,0,0,30000,0,23500,0,0,0,0,0,0,0,0,0,0,0,700,150,1320,3,3,1038,36015,2},
{123,117600,14700,7350,0,0,0,0,30000,0,0,0,0,0,0,0,0,0,0,23500,0,700,150,1720,3,3,1039,36015,3},
{124,117600,14700,7350,0,0,0,0,30000,0,0,0,0,0,0,0,0,0,0,23500,0,700,150,1520,3,3,1040,36015,4},
{125,117600,14700,7350,30000,0,23500,0,0,0,0,0,0,0,0,0,0,0,0,0,0,700,150,1120,3,3,1041,36015,1},
{126,117600,14700,7350,0,0,0,30000,0,23500,0,0,0,0,0,0,0,0,0,0,0,700,150,1320,3,3,1042,36015,2},
{3127,117600,14700,7350,0,0,0,0,30000,0,0,0,0,0,0,0,0,0,0,23500,0,700,150,1720,3,3,1043,36015,3},
{3128,117600,14700,7350,0,0,0,30000,0,23500,0,0,0,0,0,0,0,0,0,0,0,700,150,1320,3,3,1044,36015,4},
{3129,117600,14700,7350,0,0,0,0,30000,0,0,0,0,0,0,0,0,0,0,23500,0,700,150,1720,3,3,1045,36015,1},
{3130,117600,14700,7350,30000,0,23500,0,0,0,0,0,0,0,0,0,0,0,0,0,0,700,150,1120,3,3,1046,36015,2},
{3131,117600,14700,7350,0,0,0,0,30000,0,0,0,0,0,0,0,0,0,0,23500,0,700,150,1720,3,3,1047,36015,3},
{3132,117600,14700,7350,30000,0,23500,0,0,0,0,0,0,0,0,0,0,0,0,0,0,700,150,1120,3,3,1048,36015,4},
{3133,117600,14700,7350,0,0,0,0,30000,0,0,0,0,0,0,0,0,0,0,23500,0,700,150,1120,3,3,1049,36015,1},
{3134,117600,14700,7350,30000,0,23500,0,0,0,0,0,0,0,0,0,0,0,0,0,0,700,150,1120,3,3,1050,36015,2},
{3135,117600,14700,7350,0,0,0,0,30000,0,0,0,0,0,0,0,0,0,0,23500,0,700,150,1720,3,3,1051,36015,3},
{3136,117600,14700,7350,0,0,0,30000,0,23500,0,0,0,0,0,0,0,0,0,0,0,700,150,1320,3,3,1052,36015,4},
{3137,117600,14700,7350,0,0,0,30000,0,23500,0,0,0,0,0,0,0,0,0,0,0,700,150,1320,3,3,1053,36015,1},
{3138,117600,14700,7350,30000,0,23500,0,0,0,0,0,0,0,0,0,0,0,0,0,0,700,150,1120,3,3,1054,36015,2},
{3139,117600,14700,7350,0,0,0,30000,0,23500,0,0,0,0,0,0,0,0,0,0,0,700,150,1320,3,3,1055,36015,3},
{3140,117600,14700,7350,30000,0,23500,0,0,0,0,0,0,0,0,0,0,0,0,0,0,700,150,1120,3,3,1056,36015,4},
{3141,117600,14700,7350,0,0,0,0,30000,0,0,0,0,0,0,0,0,0,0,23500,0,700,150,1720,3,3,1057,36015,1},
{3142,117600,14700,7350,0,0,0,30000,0,23500,0,0,0,0,0,0,0,0,0,0,0,700,150,1320,3,3,1058,36015,2},
{3143,117600,14700,7350,0,0,0,30000,0,23500,0,0,0,0,0,0,0,0,0,0,0,700,150,1320,3,3,1059,36015,3},
{3144,117600,14700,7350,30000,0,23500,0,0,0,0,0,0,0,0,0,0,0,0,0,0,700,150,1120,3,3,1060,36015,4},
{3145,117600,14700,7350,30000,0,23500,0,0,0,0,0,0,0,0,0,0,0,0,0,0,700,150,1120,3,3,1061,36015,1},
{3146,117600,14700,7350,0,0,0,30000,0,23500,0,0,0,0,0,0,0,0,0,0,0,700,150,1320,3,3,1062,36015,2},
{3147,117600,14700,7350,0,0,0,0,30000,0,0,0,0,0,0,0,0,0,0,23500,0,700,150,1120,3,3,1063,36015,3},
{3148,117600,14700,7350,0,0,0,30000,0,23500,0,0,0,0,0,0,0,0,0,0,0,700,150,1320,3,3,1064,36015,4},
{3149,117600,14700,7350,0,0,0,0,30000,0,0,0,0,0,0,0,0,0,0,23500,0,700,150,1120,3,3,1065,36015,1},
{3150,117600,14700,7350,30000,0,23500,0,0,0,0,0,0,0,0,0,0,0,0,0,0,700,150,1120,3,3,1066,36015,2},
{3151,117600,14700,7350,0,0,0,30000,0,23500,0,0,0,0,0,0,0,0,0,0,0,700,150,1320,3,3,1067,36015,3},
{3152,117600,14700,7350,0,0,0,0,30000,0,0,0,0,0,0,0,0,0,0,23500,0,700,150,1520,3,3,1068,36015,4},
{3153,117600,14700,7350,30000,0,23500,0,0,0,0,0,0,0,0,0,0,0,0,0,0,700,150,1120,3,3,1069,36015,1},
{3154,117600,14700,7350,0,0,0,30000,0,23500,0,0,0,0,0,0,0,0,0,0,0,700,150,1320,3,3,1070,36015,2},
{3155,117600,14700,7350,30000,0,23500,0,0,0,0,0,0,0,0,0,0,0,0,0,0,700,150,1120,3,3,1071,36015,3},
{3156,117600,14700,7350,0,0,0,30000,0,23500,0,0,0,0,0,0,0,0,0,0,0,700,150,1320,3,3,1072,36015,4},
{3157,117600,14700,7350,0,0,0,0,30000,0,0,0,0,0,0,0,0,0,0,23500,0,700,150,1520,3,3,1073,36015,1},
{3158,117600,14700,7350,30000,0,23500,0,0,0,0,0,0,0,0,0,0,0,0,0,0,700,150,1120,3,3,1074,36015,2},
{3182,117600,14700,7350,0,0,0,30000,0,23500,0,0,0,0,0,0,0,0,0,0,0,700,150,1320,3,3,1098,36015,3},
{3183,117600,14700,7350,30000,0,23500,0,0,0,0,0,0,0,0,0,0,0,0,0,0,700,150,1120,3,3,1099,36015,4},
{321015,117600,14700,7350,0,0,0,0,30000,0,0,0,0,0,0,0,0,0,0,23500,0,700,150,1120,3,3,21015,36015,3},
{321070,117600,14700,7350,0,0,0,30000,0,23500,0,0,0,0,0,0,0,0,0,0,0,700,150,1320,3,3,21070,36015,1},
{321072,117600,14700,7350,0,0,0,30000,0,23500,0,0,0,0,0,0,0,0,0,0,0,700,150,1320,3,3,21072,36015,3},
{321073,117600,14700,7350,0,0,0,0,30000,0,0,0,0,0,0,0,0,0,0,23500,0,700,150,1120,3,3,21073,36015,1},
{321074,117600,14700,7350,30000,0,23500,0,0,0,0,0,0,0,0,0,0,0,0,0,0,700,150,1120,3,3,21074,36015,3},
{321075,117600,14700,7350,0,0,0,0,30000,0,0,0,0,0,0,0,0,0,0,23500,0,700,150,1120,3,3,21075,36015,2},
{321076,117600,14700,7350,0,0,0,0,30000,0,0,0,0,0,0,0,0,0,0,23500,0,700,150,1120,3,3,21076,36015,4},
{321077,117600,14700,7350,0,0,0,0,30000,0,0,0,0,0,0,0,0,0,0,23500,0,700,150,1120,3,3,21077,36015,4},
{321078,117600,14700,7350,30000,0,23500,0,0,0,0,0,0,0,0,0,0,0,0,0,0,700,150,1120,3,3,21078,36015,1},
{321079,117600,14700,7350,0,0,0,30000,0,23500,0,0,0,0,0,0,0,0,0,0,0,700,150,1320,3,3,21079,36015,2},
{321080,117600,14700,7350,30000,0,23500,0,0,0,0,0,0,0,0,0,0,0,0,0,0,700,150,1120,3,3,21080,36015,2},
{321081,117600,14700,7350,0,0,0,30000,0,23500,0,0,0,0,0,0,0,0,0,0,0,700,150,1320,3,3,21081,36015,3},
{321082,117600,14700,7350,0,0,0,30000,0,23500,0,0,0,0,0,0,0,0,0,0,0,700,150,1320,3,3,21082,36015,4},
{321083,117600,14700,7350,30000,0,23500,0,0,0,0,0,0,0,0,0,0,0,0,0,0,700,150,1120,3,3,21083,36015,1},
{321084,117600,14700,7350,0,0,0,0,30000,0,0,0,0,0,0,0,0,0,0,23500,0,700,150,1120,3,3,21084,36015,2},
{321085,117600,14700,7350,30000,0,23500,0,0,0,0,0,0,0,0,0,0,0,0,0,0,700,150,1120,3,3,21085,36015,3},
{321086,117600,14700,7350,0,0,0,0,30000,0,0,0,0,0,0,0,0,0,0,23500,0,700,150,1120,3,3,21086,36015,4},
{321087,117600,14700,7350,0,0,0,30000,0,23500,0,0,0,0,0,0,0,0,0,0,0,700,150,1320,3,3,21087,36015,1},
{321088,117600,14700,7350,0,0,0,0,30000,0,0,0,0,0,0,0,0,0,0,23500,0,700,150,1120,3,3,21088,36015,2},
{321089,117600,14700,7350,0,0,0,30000,0,23500,0,0,0,0,0,0,0,0,0,0,0,700,150,1320,3,3,21089,36015,3},
{321090,117600,14700,7350,30000,0,23500,0,0,0,0,0,0,0,0,0,0,0,0,0,0,700,150,1120,3,3,21090,36015,4},
{321101,117600,14700,7350,0,0,0,30000,0,23500,0,0,0,0,0,0,0,0,0,0,0,700,150,1320,3,3,21101,36015,1},
{321102,117600,14700,7350,30000,0,23500,0,0,0,0,0,0,0,0,0,0,0,0,0,0,700,150,1120,3,3,21102,36015,2},
{321103,117600,14700,7350,0,0,0,0,30000,0,0,0,0,0,0,0,0,0,0,23500,0,700,150,1120,3,3,21103,36015,3},
{321104,117600,14700,7350,30000,0,23500,0,0,0,0,0,0,0,0,0,0,0,0,0,0,700,150,1120,3,3,21104,36015,4},
{321105,117600,14700,7350,0,0,0,0,30000,0,0,0,0,0,0,0,0,0,0,23500,0,700,150,1120,3,3,21105,36015,1},
{321106,117600,14700,7350,0,0,0,30000,0,23500,0,0,0,0,0,0,0,0,0,0,0,700,150,1320,3,3,21106,36015,2},
{321107,117600,14700,7350,0,0,0,0,30000,0,0,0,0,0,0,0,0,0,0,23500,0,700,150,1120,3,3,21107,36015,3},
{321108,117600,14700,7350,0,0,0,30000,0,23500,0,0,0,0,0,0,0,0,0,0,0,700,150,1320,3,3,21108,36015,4},
{321109,117600,14700,7350,30000,0,23500,0,0,0,0,0,0,0,0,0,0,0,0,0,0,700,150,1120,3,3,21109,36015,1},
{321110,117600,14700,7350,0,0,0,30000,0,23500,0,0,0,0,0,0,0,0,0,0,0,700,150,1320,3,3,21110,36015,2},
{321111,117600,14700,7350,30000,0,23500,0,0,0,0,0,0,0,0,0,0,0,0,0,0,700,150,1120,3,3,21111,36015,3},
{321112,117600,14700,7350,0,0,0,0,30000,0,0,0,0,0,0,0,0,0,0,23500,0,700,150,1120,3,3,21112,36015,4},
{321113,117600,14700,7350,30000,0,23500,0,0,0,0,0,0,0,0,0,0,0,0,0,0,700,150,1120,3,3,21113,36015,1},
{321114,117600,14700,7350,0,0,0,0,30000,0,0,0,0,0,0,0,0,0,0,23500,0,700,150,1120,3,3,21114,36015,2},
{321115,117600,14700,7350,0,0,0,30000,0,23500,0,0,0,0,0,0,0,0,0,0,0,700,150,1320,3,3,21115,36015,3},
{321116,117600,14700,7350,0,0,0,0,30000,0,0,0,0,0,0,0,0,0,0,23500,0,700,150,1120,3,3,21116,36015,4},
{331103,117600,14700,7350,0,0,0,0,30000,0,0,0,0,0,0,0,0,0,0,23500,0,700,150,1120,3,3,31103,36015,3},
{331105,117600,14700,7350,30000,0,23500,0,0,0,0,0,0,0,0,0,0,0,0,0,0,700,150,1120,3,3,31105,36015,1},
{331106,117600,14700,7350,0,0,0,30000,0,23500,0,0,0,0,0,0,0,0,0,0,0,700,150,1320,3,3,31106,36015,2},
{331107,117600,14700,7350,30000,0,23500,0,0,0,0,0,0,0,0,0,0,0,0,0,0,700,150,1120,3,3,31107,36015,3},
{331108,117600,14700,7350,0,0,0,0,30000,0,0,0,0,0,0,0,0,0,0,23500,0,700,150,1120,3,3,31108,36015,4},
{331109,117600,14700,7350,30000,0,23500,0,0,0,0,0,0,0,0,0,0,0,0,0,0,700,150,1120,3,3,31109,36015,1},
{331110,117600,14700,7350,0,0,0,0,30000,0,0,0,0,0,0,0,0,0,0,23500,0,700,150,1120,3,3,31110,36015,2},
{331111,117600,14700,7350,0,0,0,30000,0,23500,0,0,0,0,0,0,0,0,0,0,0,700,150,1320,3,3,31111,36015,3},
{331112,117600,14700,7350,0,0,0,0,30000,0,0,0,0,0,0,0,0,0,0,23500,0,700,150,1120,3,3,31112,36015,4},
{331113,117600,14700,7350,0,0,0,30000,0,23500,0,0,0,0,0,0,0,0,0,0,0,700,150,1320,3,3,31113,36015,1},
{331114,117600,14700,7350,30000,0,23500,0,0,0,0,0,0,0,0,0,0,0,0,0,0,700,150,1320,3,3,31114,36015,2},
{331115,117600,14700,7350,0,0,0,30000,0,23500,0,0,0,0,0,0,0,0,0,0,0,700,150,1320,3,3,31115,36015,3},
{331116,117600,14700,7350,30000,0,23500,0,0,0,0,0,0,0,0,0,0,0,0,0,0,700,150,1320,3,3,31116,36015,4},
{331117,117600,14700,7350,0,0,0,0,30000,0,0,0,0,0,0,0,0,0,0,23500,0,700,150,1120,3,3,31117,36015,4},
{331118,117600,14700,7350,30000,0,23500,0,0,0,0,0,0,0,0,0,0,0,0,0,0,700,150,1320,3,3,31118,36015,1},
{331119,117600,14700,7350,0,0,0,0,30000,0,0,0,0,0,0,0,0,0,0,23500,0,700,150,1120,3,3,31119,36015,2},
{331120,117600,14700,7350,0,0,0,30000,0,23500,0,0,0,0,0,0,0,0,0,0,0,700,150,1320,3,3,31120,36015,3},
{331121,117600,14700,7350,0,0,0,0,30000,0,0,0,0,0,0,0,0,0,0,23500,0,700,150,1120,3,3,31121,36015,1},
{331122,117600,14700,7350,0,0,0,30000,0,23500,0,0,0,0,0,0,0,0,0,0,0,700,150,1320,3,3,31122,36015,2},
{331123,117600,14700,7350,30000,0,23500,0,0,0,0,0,0,0,0,0,0,0,0,0,0,700,150,1320,3,3,31123,36015,3},
{127,144000,18000,9000,32500,0,24000,0,0,0,0,0,0,0,0,0,0,0,0,0,0,700,200,1420,3,4,1001,44100,1},
{128,144000,18000,9000,0,0,0,0,32500,0,0,0,0,0,0,0,0,0,0,24000,0,700,200,1620,3,4,1002,44100,2},
{129,144000,18000,9000,0,0,0,32500,0,24000,0,0,0,0,0,0,0,0,0,0,0,700,200,1220,3,4,1003,44100,3},
{130,144000,18000,9000,0,0,0,0,32500,0,0,0,0,0,0,0,0,0,0,24000,0,700,200,1220,3,4,1004,44100,4},
{131,144000,18000,9000,0,0,0,0,32500,0,0,0,0,0,0,0,0,0,0,24000,0,700,200,1020,3,4,1005,44100,1},
{132,144000,18000,9000,0,0,0,32500,0,24000,0,0,0,0,0,0,0,0,0,0,0,700,200,1420,3,4,1006,44100,2},
{133,144000,18000,9000,0,0,0,32500,0,24000,0,0,0,0,0,0,0,0,0,0,0,700,200,1220,3,4,1007,44100,3},
{134,144000,18000,9000,0,0,0,32500,0,24000,0,0,0,0,0,0,0,0,0,0,0,700,200,1620,3,4,1008,44100,4},
{135,144000,18000,9000,32500,0,24000,0,0,0,0,0,0,0,0,0,0,0,0,0,0,700,200,1220,3,4,1009,44100,1},
{136,144000,18000,9000,32500,0,24000,0,0,0,0,0,0,0,0,0,0,0,0,0,0,700,200,1620,3,4,1010,44100,2},
{137,144000,18000,9000,32500,0,24000,0,0,0,0,0,0,0,0,0,0,0,0,0,0,700,200,1420,3,4,1011,44100,3},
{138,168000,21000,10500,32500,0,24000,0,0,0,0,0,0,0,0,0,0,0,0,0,0,700,200,1720,3,4,1012,51450,4},
{139,144000,18000,9000,0,0,0,0,32500,0,0,0,0,0,0,0,0,0,0,24000,0,700,200,1420,3,4,1013,44100,1},
{140,144000,18000,9000,0,0,0,0,32500,0,0,0,0,0,0,0,0,0,0,24000,0,700,200,1420,3,4,1014,44100,2},
{141,168000,21000,10500,0,0,0,0,32500,0,0,0,0,0,0,0,0,0,0,24000,0,700,200,1120,3,4,1015,51450,3},
{142,168000,21000,10500,32500,0,24000,0,0,0,0,0,0,0,0,0,0,0,0,0,0,700,200,1120,3,4,1016,51450,4},
{143,168000,21000,10500,0,0,0,0,32500,0,0,0,0,0,0,0,0,0,0,24000,0,700,200,1720,3,4,1017,51450,1},
{144,168000,21000,10500,0,0,0,32500,0,24000,0,0,0,0,0,0,0,0,0,0,0,700,200,1320,3,4,1018,51450,2},
{145,168000,21000,10500,0,0,0,0,32500,0,0,0,0,0,0,0,0,0,0,24000,0,700,200,1520,3,4,1019,51450,3},
{146,168000,21000,10500,32500,0,24000,0,0,0,0,0,0,0,0,0,0,0,0,0,0,700,200,1520,3,4,1020,51450,4},
{147,168000,21000,10500,0,0,0,32500,0,24000,0,0,0,0,0,0,0,0,0,0,0,700,200,1720,3,4,1021,51450,1},
{148,168000,21000,10500,0,0,0,0,32500,0,0,0,0,0,0,0,0,0,0,24000,0,700,200,1120,3,4,1022,51450,2},
{149,168000,21000,10500,0,0,0,32500,0,24000,0,0,0,0,0,0,0,0,0,0,0,700,200,1320,3,4,1023,51450,3},
{150,168000,21000,10500,0,0,0,0,32500,0,0,0,0,0,0,0,0,0,0,24000,0,700,200,1320,3,4,1024,51450,4},
{151,168000,21000,10500,32500,0,24000,0,0,0,0,0,0,0,0,0,0,0,0,0,0,700,200,1720,3,4,1025,51450,1},
{152,168000,21000,10500,32500,0,24000,0,0,0,0,0,0,0,0,0,0,0,0,0,0,700,200,1120,3,4,1026,51450,2},
{153,168000,21000,10500,0,0,0,32500,0,24000,0,0,0,0,0,0,0,0,0,0,0,700,200,1320,3,4,1027,51450,3},
{154,168000,21000,10500,32500,0,24000,0,0,0,0,0,0,0,0,0,0,0,0,0,0,700,200,1720,3,4,1028,51450,4},
{155,168000,21000,10500,0,0,0,0,32500,0,0,0,0,0,0,0,0,0,0,24000,0,700,200,1520,3,4,1029,51450,1},
{156,168000,21000,10500,0,0,0,32500,0,24000,0,0,0,0,0,0,0,0,0,0,0,700,200,1320,3,4,1030,51450,2},
{157,168000,21000,10500,32500,0,24000,0,0,0,0,0,0,0,0,0,0,0,0,0,0,700,200,1120,3,4,1031,51450,3},
{158,168000,21000,10500,0,0,0,32500,0,24000,0,0,0,0,0,0,0,0,0,0,0,700,200,1320,3,4,1032,51450,4},
{159,168000,21000,10500,0,0,0,0,32500,0,0,0,0,0,0,0,0,0,0,24000,0,700,200,1520,3,4,1033,51450,1},
{160,168000,21000,10500,0,0,0,32500,0,24000,0,0,0,0,0,0,0,0,0,0,0,700,200,1320,3,4,1034,51450,2},
{161,168000,21000,10500,0,0,0,0,32500,0,0,0,0,0,0,0,0,0,0,24000,0,700,200,1120,3,4,1035,51450,3},
{162,168000,21000,10500,32500,0,24000,0,0,0,0,0,0,0,0,0,0,0,0,0,0,700,200,1720,3,4,1036,51450,4},
{163,168000,21000,10500,0,0,0,0,32500,0,0,0,0,0,0,0,0,0,0,24000,0,700,200,1120,3,4,1037,51450,1},
{164,168000,21000,10500,0,0,0,32500,0,24000,0,0,0,0,0,0,0,0,0,0,0,700,200,1320,3,4,1038,51450,2},
{165,168000,21000,10500,0,0,0,0,32500,0,0,0,0,0,0,0,0,0,0,24000,0,700,200,1720,3,4,1039,51450,3},
{166,168000,21000,10500,0,0,0,0,32500,0,0,0,0,0,0,0,0,0,0,24000,0,700,200,1520,3,4,1040,51450,4},
{167,168000,21000,10500,32500,0,24000,0,0,0,0,0,0,0,0,0,0,0,0,0,0,700,200,1120,3,4,1041,51450,1},
{168,168000,21000,10500,0,0,0,32500,0,24000,0,0,0,0,0,0,0,0,0,0,0,700,200,1320,3,4,1042,51450,2},
{4169,168000,21000,10500,0,0,0,0,32500,0,0,0,0,0,0,0,0,0,0,24000,0,700,200,1720,3,4,1043,51450,3},
{4170,168000,21000,10500,0,0,0,32500,0,24000,0,0,0,0,0,0,0,0,0,0,0,700,200,1320,3,4,1044,51450,4},
{4171,168000,21000,10500,0,0,0,0,32500,0,0,0,0,0,0,0,0,0,0,24000,0,700,200,1720,3,4,1045,51450,1},
{4172,168000,21000,10500,32500,0,24000,0,0,0,0,0,0,0,0,0,0,0,0,0,0,700,200,1120,3,4,1046,51450,2},
{4173,168000,21000,10500,0,0,0,0,32500,0,0,0,0,0,0,0,0,0,0,24000,0,700,200,1720,3,4,1047,51450,3},
{4174,168000,21000,10500,32500,0,24000,0,0,0,0,0,0,0,0,0,0,0,0,0,0,700,200,1120,3,4,1048,51450,4},
{4175,168000,21000,10500,0,0,0,0,32500,0,0,0,0,0,0,0,0,0,0,24000,0,700,200,1120,3,4,1049,51450,1},
{4176,168000,21000,10500,32500,0,24000,0,0,0,0,0,0,0,0,0,0,0,0,0,0,700,200,1120,3,4,1050,51450,2},
{4177,168000,21000,10500,0,0,0,0,32500,0,0,0,0,0,0,0,0,0,0,24000,0,700,200,1720,3,4,1051,51450,3},
{4178,168000,21000,10500,0,0,0,32500,0,24000,0,0,0,0,0,0,0,0,0,0,0,700,200,1320,3,4,1052,51450,4},
{4179,168000,21000,10500,0,0,0,32500,0,24000,0,0,0,0,0,0,0,0,0,0,0,700,200,1320,3,4,1053,51450,1},
{4180,168000,21000,10500,32500,0,24000,0,0,0,0,0,0,0,0,0,0,0,0,0,0,700,200,1120,3,4,1054,51450,2},
{4181,168000,21000,10500,0,0,0,32500,0,24000,0,0,0,0,0,0,0,0,0,0,0,700,200,1320,3,4,1055,51450,3},
{4182,168000,21000,10500,32500,0,24000,0,0,0,0,0,0,0,0,0,0,0,0,0,0,700,200,1120,3,4,1056,51450,4},
{4183,168000,21000,10500,0,0,0,0,32500,0,0,0,0,0,0,0,0,0,0,24000,0,700,200,1720,3,4,1057,51450,1},
{4184,168000,21000,10500,0,0,0,32500,0,24000,0,0,0,0,0,0,0,0,0,0,0,700,200,1320,3,4,1058,51450,2},
{4185,168000,21000,10500,0,0,0,32500,0,24000,0,0,0,0,0,0,0,0,0,0,0,700,200,1320,3,4,1059,51450,3},
{4186,168000,21000,10500,32500,0,24000,0,0,0,0,0,0,0,0,0,0,0,0,0,0,700,200,1120,3,4,1060,51450,4},
{4187,168000,21000,10500,32500,0,24000,0,0,0,0,0,0,0,0,0,0,0,0,0,0,700,200,1120,3,4,1061,51450,1},
{4188,168000,21000,10500,0,0,0,32500,0,24000,0,0,0,0,0,0,0,0,0,0,0,700,200,1320,3,4,1062,51450,2},
{4189,168000,21000,10500,0,0,0,0,32500,0,0,0,0,0,0,0,0,0,0,24000,0,700,200,1120,3,4,1063,51450,3},
{4190,168000,21000,10500,0,0,0,32500,0,24000,0,0,0,0,0,0,0,0,0,0,0,700,200,1320,3,4,1064,51450,4},
{4191,168000,21000,10500,0,0,0,0,32500,0,0,0,0,0,0,0,0,0,0,24000,0,700,200,1120,3,4,1065,51450,1},
{4192,168000,21000,10500,32500,0,24000,0,0,0,0,0,0,0,0,0,0,0,0,0,0,700,200,1120,3,4,1066,51450,2},
{4193,168000,21000,10500,0,0,0,32500,0,24000,0,0,0,0,0,0,0,0,0,0,0,700,200,1320,3,4,1067,51450,3},
{4194,168000,21000,10500,0,0,0,0,32500,0,0,0,0,0,0,0,0,0,0,24000,0,700,200,1520,3,4,1068,51450,4},
{4195,168000,21000,10500,32500,0,24000,0,0,0,0,0,0,0,0,0,0,0,0,0,0,700,200,1120,3,4,1069,51450,1},
{4196,168000,21000,10500,0,0,0,32500,0,24000,0,0,0,0,0,0,0,0,0,0,0,700,200,1320,3,4,1070,51450,2},
{4197,168000,21000,10500,32500,0,24000,0,0,0,0,0,0,0,0,0,0,0,0,0,0,700,200,1120,3,4,1071,51450,3},
{4198,168000,21000,10500,0,0,0,32500,0,24000,0,0,0,0,0,0,0,0,0,0,0,700,200,1320,3,4,1072,51450,4},
{4199,168000,21000,10500,0,0,0,0,32500,0,0,0,0,0,0,0,0,0,0,24000,0,700,200,1520,3,4,1073,51450,1},
{4200,168000,21000,10500,32500,0,24000,0,0,0,0,0,0,0,0,0,0,0,0,0,0,700,200,1120,3,4,1074,51450,2},
{4224,168000,21000,10500,0,0,0,32500,0,24000,0,0,0,0,0,0,0,0,0,0,0,700,200,1320,3,4,1098,51450,3},
{4225,168000,21000,10500,32500,0,24000,0,0,0,0,0,0,0,0,0,0,0,0,0,0,700,200,1120,3,4,1099,51450,4},
{421015,168000,21000,10500,0,0,0,0,32500,0,0,0,0,0,0,0,0,0,0,24000,0,700,200,1120,3,4,21015,51450,3},
{421070,168000,21000,10500,0,0,0,32500,0,24000,0,0,0,0,0,0,0,0,0,0,0,700,200,1320,3,4,21070,51450,1},
{421072,168000,21000,10500,0,0,0,32500,0,24000,0,0,0,0,0,0,0,0,0,0,0,700,200,1320,3,4,21072,51450,3},
{421073,168000,21000,10500,0,0,0,0,32500,0,0,0,0,0,0,0,0,0,0,24000,0,700,200,1120,3,4,21073,51450,1},
{421074,168000,21000,10500,32500,0,24000,0,0,0,0,0,0,0,0,0,0,0,0,0,0,700,200,1120,3,4,21074,51450,3},
{421075,168000,21000,10500,0,0,0,0,32500,0,0,0,0,0,0,0,0,0,0,24000,0,700,200,1120,3,4,21075,51450,2},
{421076,168000,21000,10500,0,0,0,0,32500,0,0,0,0,0,0,0,0,0,0,24000,0,700,200,1120,3,4,21076,51450,4},
{421077,168000,21000,10500,0,0,0,0,32500,0,0,0,0,0,0,0,0,0,0,24000,0,700,200,1120,3,4,21077,51450,4},
{421078,168000,21000,10500,32500,0,24000,0,0,0,0,0,0,0,0,0,0,0,0,0,0,700,200,1120,3,4,21078,51450,1},
{421079,168000,21000,10500,0,0,0,32500,0,24000,0,0,0,0,0,0,0,0,0,0,0,700,200,1320,3,4,21079,51450,2},
{421080,168000,21000,10500,32500,0,24000,0,0,0,0,0,0,0,0,0,0,0,0,0,0,700,200,1120,3,4,21080,51450,2},
{421081,168000,21000,10500,0,0,0,32500,0,24000,0,0,0,0,0,0,0,0,0,0,0,700,200,1320,3,4,21081,51450,3},
{421082,168000,21000,10500,0,0,0,32500,0,24000,0,0,0,0,0,0,0,0,0,0,0,700,200,1320,3,4,21082,51450,4},
{421083,168000,21000,10500,32500,0,24000,0,0,0,0,0,0,0,0,0,0,0,0,0,0,700,200,1120,3,4,21083,51450,1},
{421084,168000,21000,10500,0,0,0,0,32500,0,0,0,0,0,0,0,0,0,0,24000,0,700,200,1120,3,4,21084,51450,2},
{421085,168000,21000,10500,32500,0,24000,0,0,0,0,0,0,0,0,0,0,0,0,0,0,700,200,1120,3,4,21085,51450,3},
{421086,168000,21000,10500,0,0,0,0,32500,0,0,0,0,0,0,0,0,0,0,24000,0,700,200,1120,3,4,21086,51450,4},
{421087,168000,21000,10500,0,0,0,32500,0,24000,0,0,0,0,0,0,0,0,0,0,0,700,200,1320,3,4,21087,51450,1},
{421088,168000,21000,10500,0,0,0,0,32500,0,0,0,0,0,0,0,0,0,0,24000,0,700,200,1120,3,4,21088,51450,2},
{421089,168000,21000,10500,0,0,0,32500,0,24000,0,0,0,0,0,0,0,0,0,0,0,700,200,1320,3,4,21089,51450,3},
{421090,168000,21000,10500,32500,0,24000,0,0,0,0,0,0,0,0,0,0,0,0,0,0,700,200,1120,3,4,21090,51450,4},
{421101,168000,21000,10500,0,0,0,32500,0,24000,0,0,0,0,0,0,0,0,0,0,0,700,200,1320,3,4,21101,51450,1},
{421102,168000,21000,10500,32500,0,24000,0,0,0,0,0,0,0,0,0,0,0,0,0,0,700,200,1120,3,4,21102,51450,2},
{421103,168000,21000,10500,0,0,0,0,32500,0,0,0,0,0,0,0,0,0,0,24000,0,700,200,1120,3,4,21103,51450,3},
{421104,168000,21000,10500,32500,0,24000,0,0,0,0,0,0,0,0,0,0,0,0,0,0,700,200,1120,3,4,21104,51450,4},
{421105,168000,21000,10500,0,0,0,0,32500,0,0,0,0,0,0,0,0,0,0,24000,0,700,200,1120,3,4,21105,51450,1},
{421106,168000,21000,10500,0,0,0,32500,0,24000,0,0,0,0,0,0,0,0,0,0,0,700,200,1320,3,4,21106,51450,2},
{421107,168000,21000,10500,0,0,0,0,32500,0,0,0,0,0,0,0,0,0,0,24000,0,700,200,1120,3,4,21107,51450,3},
{421108,168000,21000,10500,0,0,0,32500,0,24000,0,0,0,0,0,0,0,0,0,0,0,700,200,1320,3,4,21108,51450,4},
{421109,168000,21000,10500,32500,0,24000,0,0,0,0,0,0,0,0,0,0,0,0,0,0,700,200,1120,3,4,21109,51450,1},
{421110,168000,21000,10500,0,0,0,32500,0,24000,0,0,0,0,0,0,0,0,0,0,0,700,200,1320,3,4,21110,51450,2},
{421111,168000,21000,10500,32500,0,24000,0,0,0,0,0,0,0,0,0,0,0,0,0,0,700,200,1120,3,4,21111,51450,3},
{421112,168000,21000,10500,0,0,0,0,32500,0,0,0,0,0,0,0,0,0,0,24000,0,700,200,1120,3,4,21112,51450,4},
{421113,168000,21000,10500,32500,0,24000,0,0,0,0,0,0,0,0,0,0,0,0,0,0,700,200,1120,3,4,21113,51450,1},
{421114,168000,21000,10500,0,0,0,0,32500,0,0,0,0,0,0,0,0,0,0,24000,0,700,200,1120,3,4,21114,51450,2},
{421115,168000,21000,10500,0,0,0,32500,0,24000,0,0,0,0,0,0,0,0,0,0,0,700,200,1320,3,4,21115,51450,3},
{421116,168000,21000,10500,0,0,0,0,32500,0,0,0,0,0,0,0,0,0,0,24000,0,700,200,1120,3,4,21116,51450,4},
{431103,168000,21000,10500,0,0,0,0,32500,0,0,0,0,0,0,0,0,0,0,24000,0,700,200,1120,3,4,31103,51450,3},
{431105,168000,21000,10500,32500,0,24000,0,0,0,0,0,0,0,0,0,0,0,0,0,0,700,200,1120,3,4,31105,51450,1},
{431106,168000,21000,10500,0,0,0,32500,0,24000,0,0,0,0,0,0,0,0,0,0,0,700,200,1320,3,4,31106,51450,2},
{431107,168000,21000,10500,32500,0,24000,0,0,0,0,0,0,0,0,0,0,0,0,0,0,700,200,1120,3,4,31107,51450,3},
{431108,168000,21000,10500,0,0,0,0,32500,0,0,0,0,0,0,0,0,0,0,24000,0,700,200,1120,3,4,31108,51450,4},
{431109,168000,21000,10500,32500,0,24000,0,0,0,0,0,0,0,0,0,0,0,0,0,0,700,200,1120,3,4,31109,51450,1},
{431110,168000,21000,10500,0,0,0,0,32500,0,0,0,0,0,0,0,0,0,0,24000,0,700,200,1120,3,4,31110,51450,2},
{431111,168000,21000,10500,0,0,0,32500,0,24000,0,0,0,0,0,0,0,0,0,0,0,700,200,1320,3,4,31111,51450,3},
{431112,168000,21000,10500,0,0,0,0,32500,0,0,0,0,0,0,0,0,0,0,24000,0,700,200,1120,3,4,31112,51450,4},
{431113,168000,21000,10500,0,0,0,32500,0,24000,0,0,0,0,0,0,0,0,0,0,0,700,200,1320,3,4,31113,51450,1},
{431114,168000,21000,10500,32500,0,24000,0,0,0,0,0,0,0,0,0,0,0,0,0,0,700,200,1320,3,4,31114,51450,2},
{431115,168000,21000,10500,0,0,0,32500,0,24000,0,0,0,0,0,0,0,0,0,0,0,700,200,1320,3,4,31115,51450,3},
{431116,168000,21000,10500,32500,0,24000,0,0,0,0,0,0,0,0,0,0,0,0,0,0,700,200,1320,3,4,31116,51450,4},
{431117,168000,21000,10500,0,0,0,0,32500,0,0,0,0,0,0,0,0,0,0,24000,0,700,200,1120,3,4,31117,51450,4},
{431118,168000,21000,10500,32500,0,24000,0,0,0,0,0,0,0,0,0,0,0,0,0,0,700,200,1320,3,4,31118,51450,1},
{431119,168000,21000,10500,0,0,0,0,32500,0,0,0,0,0,0,0,0,0,0,24000,0,700,200,1120,3,4,31119,51450,2},
{431120,168000,21000,10500,0,0,0,32500,0,24000,0,0,0,0,0,0,0,0,0,0,0,700,200,1320,3,4,31120,51450,3},
{431121,168000,21000,10500,0,0,0,0,32500,0,0,0,0,0,0,0,0,0,0,24000,0,700,200,1120,3,4,31121,51450,1},
{431122,168000,21000,10500,0,0,0,32500,0,24000,0,0,0,0,0,0,0,0,0,0,0,700,200,1320,3,4,31122,51450,2},
{431123,168000,21000,10500,32500,0,24000,0,0,0,0,0,0,0,0,0,0,0,0,0,0,700,200,1320,3,4,31123,51450,3},
{169,158400,19800,9900,35000,0,24500,0,0,0,0,0,0,0,0,0,0,0,0,0,0,700,250,1420,3,5,1001,48510,1},
{170,158400,19800,9900,0,0,0,0,35000,0,0,0,0,0,0,0,0,0,0,24500,0,700,250,1620,3,5,1002,48510,2},
{171,158400,19800,9900,0,0,0,35000,0,24500,0,0,0,0,0,0,0,0,0,0,0,700,250,1220,3,5,1003,48510,3},
{172,158400,19800,9900,0,0,0,0,35000,0,0,0,0,0,0,0,0,0,0,24500,0,700,250,1220,3,5,1004,48510,4},
{173,158400,19800,9900,0,0,0,0,35000,0,0,0,0,0,0,0,0,0,0,24500,0,700,250,1020,3,5,1005,48510,1},
{174,158400,19800,9900,0,0,0,35000,0,24500,0,0,0,0,0,0,0,0,0,0,0,700,250,1420,3,5,1006,48510,2},
{175,158400,19800,9900,0,0,0,35000,0,24500,0,0,0,0,0,0,0,0,0,0,0,700,250,1220,3,5,1007,48510,3},
{176,158400,19800,9900,0,0,0,35000,0,24500,0,0,0,0,0,0,0,0,0,0,0,700,250,1620,3,5,1008,48510,4},
{177,158400,19800,9900,35000,0,24500,0,0,0,0,0,0,0,0,0,0,0,0,0,0,700,250,1220,3,5,1009,48510,1},
{178,158400,19800,9900,35000,0,24500,0,0,0,0,0,0,0,0,0,0,0,0,0,0,700,250,1620,3,5,1010,48510,2},
{179,158400,19800,9900,35000,0,24500,0,0,0,0,0,0,0,0,0,0,0,0,0,0,700,250,1420,3,5,1011,48510,3},
{180,184800,23100,11550,35000,0,24500,0,0,0,0,0,0,0,0,0,0,0,0,0,0,700,250,1720,3,5,1012,56595,4},
{181,158400,19800,9900,0,0,0,0,35000,0,0,0,0,0,0,0,0,0,0,24500,0,700,250,1420,3,5,1013,48510,1},
{182,158400,19800,9900,0,0,0,0,35000,0,0,0,0,0,0,0,0,0,0,24500,0,700,250,1420,3,5,1014,48510,2},
{183,184800,23100,11550,0,0,0,0,35000,0,0,0,0,0,0,0,0,0,0,24500,0,700,250,1120,3,5,1015,56595,3},
{184,184800,23100,11550,35000,0,24500,0,0,0,0,0,0,0,0,0,0,0,0,0,0,700,250,1120,3,5,1016,56595,4},
{185,184800,23100,11550,0,0,0,0,35000,0,0,0,0,0,0,0,0,0,0,24500,0,700,250,1720,3,5,1017,56595,1},
{186,184800,23100,11550,0,0,0,35000,0,24500,0,0,0,0,0,0,0,0,0,0,0,700,250,1320,3,5,1018,56595,2},
{187,184800,23100,11550,0,0,0,0,35000,0,0,0,0,0,0,0,0,0,0,24500,0,700,250,1520,3,5,1019,56595,3},
{188,184800,23100,11550,35000,0,24500,0,0,0,0,0,0,0,0,0,0,0,0,0,0,700,250,1520,3,5,1020,56595,4},
{189,184800,23100,11550,0,0,0,35000,0,24500,0,0,0,0,0,0,0,0,0,0,0,700,250,1720,3,5,1021,56595,1},
{190,184800,23100,11550,0,0,0,0,35000,0,0,0,0,0,0,0,0,0,0,24500,0,700,250,1120,3,5,1022,56595,2},
{191,184800,23100,11550,0,0,0,35000,0,24500,0,0,0,0,0,0,0,0,0,0,0,700,250,1320,3,5,1023,56595,3},
{192,184800,23100,11550,0,0,0,0,35000,0,0,0,0,0,0,0,0,0,0,24500,0,700,250,1320,3,5,1024,56595,4},
{193,184800,23100,11550,35000,0,24500,0,0,0,0,0,0,0,0,0,0,0,0,0,0,700,250,1720,3,5,1025,56595,1},
{194,184800,23100,11550,35000,0,24500,0,0,0,0,0,0,0,0,0,0,0,0,0,0,700,250,1120,3,5,1026,56595,2},
{195,184800,23100,11550,0,0,0,35000,0,24500,0,0,0,0,0,0,0,0,0,0,0,700,250,1320,3,5,1027,56595,3},
{196,184800,23100,11550,35000,0,24500,0,0,0,0,0,0,0,0,0,0,0,0,0,0,700,250,1720,3,5,1028,56595,4},
{197,184800,23100,11550,0,0,0,0,35000,0,0,0,0,0,0,0,0,0,0,24500,0,700,250,1520,3,5,1029,56595,1},
{198,184800,23100,11550,0,0,0,35000,0,24500,0,0,0,0,0,0,0,0,0,0,0,700,250,1320,3,5,1030,56595,2},
{199,184800,23100,11550,35000,0,24500,0,0,0,0,0,0,0,0,0,0,0,0,0,0,700,250,1120,3,5,1031,56595,3},
{200,184800,23100,11550,0,0,0,35000,0,24500,0,0,0,0,0,0,0,0,0,0,0,700,250,1320,3,5,1032,56595,4},
{201,184800,23100,11550,0,0,0,0,35000,0,0,0,0,0,0,0,0,0,0,24500,0,700,250,1520,3,5,1033,56595,1},
{202,184800,23100,11550,0,0,0,35000,0,24500,0,0,0,0,0,0,0,0,0,0,0,700,250,1320,3,5,1034,56595,2},
{203,184800,23100,11550,0,0,0,0,35000,0,0,0,0,0,0,0,0,0,0,24500,0,700,250,1120,3,5,1035,56595,3},
{204,184800,23100,11550,35000,0,24500,0,0,0,0,0,0,0,0,0,0,0,0,0,0,700,250,1720,3,5,1036,56595,4},
{205,184800,23100,11550,0,0,0,0,35000,0,0,0,0,0,0,0,0,0,0,24500,0,700,250,1120,3,5,1037,56595,1},
{206,184800,23100,11550,0,0,0,35000,0,24500,0,0,0,0,0,0,0,0,0,0,0,700,250,1320,3,5,1038,56595,2},
{207,184800,23100,11550,0,0,0,0,35000,0,0,0,0,0,0,0,0,0,0,24500,0,700,250,1720,3,5,1039,56595,3},
{208,184800,23100,11550,0,0,0,0,35000,0,0,0,0,0,0,0,0,0,0,24500,0,700,250,1520,3,5,1040,56595,4},
{209,184800,23100,11550,35000,0,24500,0,0,0,0,0,0,0,0,0,0,0,0,0,0,700,250,1120,3,5,1041,56595,1},
{210,184800,23100,11550,0,0,0,35000,0,24500,0,0,0,0,0,0,0,0,0,0,0,700,250,1320,3,5,1042,56595,2},
{5211,184800,23100,11550,0,0,0,0,35000,0,0,0,0,0,0,0,0,0,0,24500,0,700,250,1720,3,5,1043,56595,3},
{5212,184800,23100,11550,0,0,0,35000,0,24500,0,0,0,0,0,0,0,0,0,0,0,700,250,1320,3,5,1044,56595,4},
{5213,184800,23100,11550,0,0,0,0,35000,0,0,0,0,0,0,0,0,0,0,24500,0,700,250,1720,3,5,1045,56595,1},
{5214,184800,23100,11550,35000,0,24500,0,0,0,0,0,0,0,0,0,0,0,0,0,0,700,250,1120,3,5,1046,56595,2},
{5215,184800,23100,11550,0,0,0,0,35000,0,0,0,0,0,0,0,0,0,0,24500,0,700,250,1720,3,5,1047,56595,3},
{5216,184800,23100,11550,35000,0,24500,0,0,0,0,0,0,0,0,0,0,0,0,0,0,700,250,1120,3,5,1048,56595,4},
{5217,184800,23100,11550,0,0,0,0,35000,0,0,0,0,0,0,0,0,0,0,24500,0,700,250,1120,3,5,1049,56595,1},
{5218,184800,23100,11550,35000,0,24500,0,0,0,0,0,0,0,0,0,0,0,0,0,0,700,250,1120,3,5,1050,56595,2},
{5219,184800,23100,11550,0,0,0,0,35000,0,0,0,0,0,0,0,0,0,0,24500,0,700,250,1720,3,5,1051,56595,3},
{5220,184800,23100,11550,0,0,0,35000,0,24500,0,0,0,0,0,0,0,0,0,0,0,700,250,1320,3,5,1052,56595,4},
{5221,184800,23100,11550,0,0,0,35000,0,24500,0,0,0,0,0,0,0,0,0,0,0,700,250,1320,3,5,1053,56595,1},
{5222,184800,23100,11550,35000,0,24500,0,0,0,0,0,0,0,0,0,0,0,0,0,0,700,250,1120,3,5,1054,56595,2},
{5223,184800,23100,11550,0,0,0,35000,0,24500,0,0,0,0,0,0,0,0,0,0,0,700,250,1320,3,5,1055,56595,3},
{5224,184800,23100,11550,35000,0,24500,0,0,0,0,0,0,0,0,0,0,0,0,0,0,700,250,1120,3,5,1056,56595,4},
{5225,184800,23100,11550,0,0,0,0,35000,0,0,0,0,0,0,0,0,0,0,24500,0,700,250,1720,3,5,1057,56595,1},
{5226,184800,23100,11550,0,0,0,35000,0,24500,0,0,0,0,0,0,0,0,0,0,0,700,250,1320,3,5,1058,56595,2},
{5227,184800,23100,11550,0,0,0,35000,0,24500,0,0,0,0,0,0,0,0,0,0,0,700,250,1320,3,5,1059,56595,3},
{5228,184800,23100,11550,35000,0,24500,0,0,0,0,0,0,0,0,0,0,0,0,0,0,700,250,1120,3,5,1060,56595,4},
{5229,184800,23100,11550,35000,0,24500,0,0,0,0,0,0,0,0,0,0,0,0,0,0,700,250,1120,3,5,1061,56595,1},
{5230,184800,23100,11550,0,0,0,35000,0,24500,0,0,0,0,0,0,0,0,0,0,0,700,250,1320,3,5,1062,56595,2},
{5231,184800,23100,11550,0,0,0,0,35000,0,0,0,0,0,0,0,0,0,0,24500,0,700,250,1120,3,5,1063,56595,3},
{5232,184800,23100,11550,0,0,0,35000,0,24500,0,0,0,0,0,0,0,0,0,0,0,700,250,1320,3,5,1064,56595,4},
{5233,184800,23100,11550,0,0,0,0,35000,0,0,0,0,0,0,0,0,0,0,24500,0,700,250,1120,3,5,1065,56595,1},
{5234,184800,23100,11550,35000,0,24500,0,0,0,0,0,0,0,0,0,0,0,0,0,0,700,250,1120,3,5,1066,56595,2},
{5235,184800,23100,11550,0,0,0,35000,0,24500,0,0,0,0,0,0,0,0,0,0,0,700,250,1320,3,5,1067,56595,3},
{5236,184800,23100,11550,0,0,0,0,35000,0,0,0,0,0,0,0,0,0,0,24500,0,700,250,1520,3,5,1068,56595,4},
{5237,184800,23100,11550,35000,0,24500,0,0,0,0,0,0,0,0,0,0,0,0,0,0,700,250,1120,3,5,1069,56595,1},
{5238,184800,23100,11550,0,0,0,35000,0,24500,0,0,0,0,0,0,0,0,0,0,0,700,250,1320,3,5,1070,56595,2},
{5239,184800,23100,11550,35000,0,24500,0,0,0,0,0,0,0,0,0,0,0,0,0,0,700,250,1120,3,5,1071,56595,3},
{5240,184800,23100,11550,0,0,0,35000,0,24500,0,0,0,0,0,0,0,0,0,0,0,700,250,1320,3,5,1072,56595,4},
{5241,184800,23100,11550,0,0,0,0,35000,0,0,0,0,0,0,0,0,0,0,24500,0,700,250,1520,3,5,1073,56595,1},
{5242,184800,23100,11550,35000,0,24500,0,0,0,0,0,0,0,0,0,0,0,0,0,0,700,250,1120,3,5,1074,56595,2},
{5266,184800,23100,11550,0,0,0,35000,0,24500,0,0,0,0,0,0,0,0,0,0,0,700,250,1320,3,5,1098,56595,3},
{5267,184800,23100,11550,35000,0,24500,0,0,0,0,0,0,0,0,0,0,0,0,0,0,700,250,1120,3,5,1099,56595,4},
{521015,184800,23100,11550,0,0,0,0,35000,0,0,0,0,0,0,0,0,0,0,24500,0,700,250,1120,3,5,21015,56595,3},
{521070,184800,23100,11550,0,0,0,35000,0,24500,0,0,0,0,0,0,0,0,0,0,0,700,250,1320,3,5,21070,56595,1},
{521072,184800,23100,11550,0,0,0,35000,0,24500,0,0,0,0,0,0,0,0,0,0,0,700,250,1320,3,5,21072,56595,3},
{521073,184800,23100,11550,0,0,0,0,35000,0,0,0,0,0,0,0,0,0,0,24500,0,700,250,1120,3,5,21073,56595,1},
{521074,184800,23100,11550,35000,0,24500,0,0,0,0,0,0,0,0,0,0,0,0,0,0,700,250,1120,3,5,21074,56595,3},
{521075,184800,23100,11550,0,0,0,0,35000,0,0,0,0,0,0,0,0,0,0,24500,0,700,250,1120,3,5,21075,56595,2},
{521076,184800,23100,11550,0,0,0,0,35000,0,0,0,0,0,0,0,0,0,0,24500,0,700,250,1120,3,5,21076,56595,4},
{521077,184800,23100,11550,0,0,0,0,35000,0,0,0,0,0,0,0,0,0,0,24500,0,700,250,1120,3,5,21077,56595,4},
{521078,184800,23100,11550,35000,0,24500,0,0,0,0,0,0,0,0,0,0,0,0,0,0,700,250,1120,3,5,21078,56595,1},
{521079,184800,23100,11550,0,0,0,35000,0,24500,0,0,0,0,0,0,0,0,0,0,0,700,250,1320,3,5,21079,56595,2},
{521080,184800,23100,11550,35000,0,24500,0,0,0,0,0,0,0,0,0,0,0,0,0,0,700,250,1120,3,5,21080,56595,2},
{521081,184800,23100,11550,0,0,0,35000,0,24500,0,0,0,0,0,0,0,0,0,0,0,700,250,1320,3,5,21081,56595,3},
{521082,184800,23100,11550,0,0,0,35000,0,24500,0,0,0,0,0,0,0,0,0,0,0,700,250,1320,3,5,21082,56595,4},
{521083,184800,23100,11550,35000,0,24500,0,0,0,0,0,0,0,0,0,0,0,0,0,0,700,250,1120,3,5,21083,56595,1},
{521084,184800,23100,11550,0,0,0,0,35000,0,0,0,0,0,0,0,0,0,0,24500,0,700,250,1120,3,5,21084,56595,2},
{521085,184800,23100,11550,35000,0,24500,0,0,0,0,0,0,0,0,0,0,0,0,0,0,700,250,1120,3,5,21085,56595,3},
{521086,184800,23100,11550,0,0,0,0,35000,0,0,0,0,0,0,0,0,0,0,24500,0,700,250,1120,3,5,21086,56595,4},
{521087,184800,23100,11550,0,0,0,35000,0,24500,0,0,0,0,0,0,0,0,0,0,0,700,250,1320,3,5,21087,56595,1},
{521088,184800,23100,11550,0,0,0,0,35000,0,0,0,0,0,0,0,0,0,0,24500,0,700,250,1120,3,5,21088,56595,2},
{521089,184800,23100,11550,0,0,0,35000,0,24500,0,0,0,0,0,0,0,0,0,0,0,700,250,1320,3,5,21089,56595,3},
{521090,184800,23100,11550,35000,0,24500,0,0,0,0,0,0,0,0,0,0,0,0,0,0,700,250,1120,3,5,21090,56595,4},
{521101,184800,23100,11550,0,0,0,35000,0,24500,0,0,0,0,0,0,0,0,0,0,0,700,250,1320,3,5,21101,56595,1},
{521102,184800,23100,11550,35000,0,24500,0,0,0,0,0,0,0,0,0,0,0,0,0,0,700,250,1120,3,5,21102,56595,2},
{521103,184800,23100,11550,0,0,0,0,35000,0,0,0,0,0,0,0,0,0,0,24500,0,700,250,1120,3,5,21103,56595,3},
{521104,184800,23100,11550,35000,0,24500,0,0,0,0,0,0,0,0,0,0,0,0,0,0,700,250,1120,3,5,21104,56595,4},
{521105,184800,23100,11550,0,0,0,0,35000,0,0,0,0,0,0,0,0,0,0,24500,0,700,250,1120,3,5,21105,56595,1},
{521106,184800,23100,11550,0,0,0,35000,0,24500,0,0,0,0,0,0,0,0,0,0,0,700,250,1320,3,5,21106,56595,2},
{521107,184800,23100,11550,0,0,0,0,35000,0,0,0,0,0,0,0,0,0,0,24500,0,700,250,1120,3,5,21107,56595,3},
{521108,184800,23100,11550,0,0,0,35000,0,24500,0,0,0,0,0,0,0,0,0,0,0,700,250,1320,3,5,21108,56595,4},
{521109,184800,23100,11550,35000,0,24500,0,0,0,0,0,0,0,0,0,0,0,0,0,0,700,250,1120,3,5,21109,56595,1},
{521110,184800,23100,11550,0,0,0,35000,0,24500,0,0,0,0,0,0,0,0,0,0,0,700,250,1320,3,5,21110,56595,2},
{521111,184800,23100,11550,35000,0,24500,0,0,0,0,0,0,0,0,0,0,0,0,0,0,700,250,1120,3,5,21111,56595,3},
{521112,184800,23100,11550,0,0,0,0,35000,0,0,0,0,0,0,0,0,0,0,24500,0,700,250,1120,3,5,21112,56595,4},
{521113,184800,23100,11550,35000,0,24500,0,0,0,0,0,0,0,0,0,0,0,0,0,0,700,250,1120,3,5,21113,56595,1},
{521114,184800,23100,11550,0,0,0,0,35000,0,0,0,0,0,0,0,0,0,0,24500,0,700,250,1120,3,5,21114,56595,2},
{521115,184800,23100,11550,0,0,0,35000,0,24500,0,0,0,0,0,0,0,0,0,0,0,700,250,1320,3,5,21115,56595,3},
{521116,184800,23100,11550,0,0,0,0,35000,0,0,0,0,0,0,0,0,0,0,24500,0,700,250,1120,3,5,21116,56595,4},
{531103,184800,23100,11550,0,0,0,0,35000,0,0,0,0,0,0,0,0,0,0,24500,0,700,250,1120,3,5,31103,56595,3},
{531105,184800,23100,11550,35000,0,24500,0,0,0,0,0,0,0,0,0,0,0,0,0,0,700,250,1120,3,5,31105,56595,1},
{531106,184800,23100,11550,0,0,0,35000,0,24500,0,0,0,0,0,0,0,0,0,0,0,700,250,1320,3,5,31106,56595,2},
{531107,184800,23100,11550,35000,0,24500,0,0,0,0,0,0,0,0,0,0,0,0,0,0,700,250,1120,3,5,31107,56595,3},
{531108,184800,23100,11550,0,0,0,0,35000,0,0,0,0,0,0,0,0,0,0,24500,0,700,250,1120,3,5,31108,56595,4},
{531109,184800,23100,11550,35000,0,24500,0,0,0,0,0,0,0,0,0,0,0,0,0,0,700,250,1120,3,5,31109,56595,1},
{531110,184800,23100,11550,0,0,0,0,35000,0,0,0,0,0,0,0,0,0,0,24500,0,700,250,1120,3,5,31110,56595,2},
{531111,184800,23100,11550,0,0,0,35000,0,24500,0,0,0,0,0,0,0,0,0,0,0,700,250,1320,3,5,31111,56595,3},
{531112,184800,23100,11550,0,0,0,0,35000,0,0,0,0,0,0,0,0,0,0,24500,0,700,250,1120,3,5,31112,56595,4},
{531113,184800,23100,11550,0,0,0,35000,0,24500,0,0,0,0,0,0,0,0,0,0,0,700,250,1320,3,5,31113,56595,1},
{531114,184800,23100,11550,35000,0,24500,0,0,0,0,0,0,0,0,0,0,0,0,0,0,700,250,1320,3,5,31114,56595,2},
{531115,184800,23100,11550,0,0,0,35000,0,24500,0,0,0,0,0,0,0,0,0,0,0,700,250,1320,3,5,31115,56595,3},
{531116,184800,23100,11550,35000,0,24500,0,0,0,0,0,0,0,0,0,0,0,0,0,0,700,250,1320,3,5,31116,56595,4},
{531117,184800,23100,11550,0,0,0,0,35000,0,0,0,0,0,0,0,0,0,0,24500,0,700,250,1120,3,5,31117,56595,4},
{531118,184800,23100,11550,35000,0,24500,0,0,0,0,0,0,0,0,0,0,0,0,0,0,700,250,1320,3,5,31118,56595,1},
{531119,184800,23100,11550,0,0,0,0,35000,0,0,0,0,0,0,0,0,0,0,24500,0,700,250,1120,3,5,31119,56595,2},
{531120,184800,23100,11550,0,0,0,35000,0,24500,0,0,0,0,0,0,0,0,0,0,0,700,250,1320,3,5,31120,56595,3},
{531121,184800,23100,11550,0,0,0,0,35000,0,0,0,0,0,0,0,0,0,0,24500,0,700,250,1120,3,5,31121,56595,1},
{531122,184800,23100,11550,0,0,0,35000,0,24500,0,0,0,0,0,0,0,0,0,0,0,700,250,1320,3,5,31122,56595,2},
{531123,184800,23100,11550,35000,0,24500,0,0,0,0,0,0,0,0,0,0,0,0,0,0,700,250,1320,3,5,31123,56595,3},
{211,172800,21600,10800,37500,0,25000,0,0,0,0,0,0,0,0,0,0,0,0,0,0,700,300,1420,3,6,1001,52920,1},
{212,172800,21600,10800,0,0,0,0,37500,0,0,0,0,0,0,0,0,0,0,25000,0,700,300,1620,3,6,1002,52920,2},
{213,172800,21600,10800,0,0,0,37500,0,25000,0,0,0,0,0,0,0,0,0,0,0,700,300,1220,3,6,1003,52920,3},
{214,172800,21600,10800,0,0,0,0,37500,0,0,0,0,0,0,0,0,0,0,25000,0,700,300,1220,3,6,1004,52920,4},
{215,172800,21600,10800,0,0,0,0,37500,0,0,0,0,0,0,0,0,0,0,25000,0,700,300,1020,3,6,1005,52920,1},
{216,172800,21600,10800,0,0,0,37500,0,25000,0,0,0,0,0,0,0,0,0,0,0,700,300,1420,3,6,1006,52920,2},
{217,172800,21600,10800,0,0,0,37500,0,25000,0,0,0,0,0,0,0,0,0,0,0,700,300,1220,3,6,1007,52920,3},
{218,172800,21600,10800,0,0,0,37500,0,25000,0,0,0,0,0,0,0,0,0,0,0,700,300,1620,3,6,1008,52920,4},
{219,172800,21600,10800,37500,0,25000,0,0,0,0,0,0,0,0,0,0,0,0,0,0,700,300,1220,3,6,1009,52920,1},
{220,172800,21600,10800,37500,0,25000,0,0,0,0,0,0,0,0,0,0,0,0,0,0,700,300,1620,3,6,1010,52920,2},
{221,172800,21600,10800,37500,0,25000,0,0,0,0,0,0,0,0,0,0,0,0,0,0,700,300,1420,3,6,1011,52920,3},
{222,201600,25200,12600,37500,0,25000,0,0,0,0,0,0,0,0,0,0,0,0,0,0,700,300,1720,3,6,1012,61740,4},
{223,172800,21600,10800,0,0,0,0,37500,0,0,0,0,0,0,0,0,0,0,25000,0,700,300,1420,3,6,1013,52920,1},
{224,172800,21600,10800,0,0,0,0,37500,0,0,0,0,0,0,0,0,0,0,25000,0,700,300,1420,3,6,1014,52920,2},
{225,201600,25200,12600,0,0,0,0,37500,0,0,0,0,0,0,0,0,0,0,25000,0,700,300,1120,3,6,1015,61740,3},
{226,201600,25200,12600,37500,0,25000,0,0,0,0,0,0,0,0,0,0,0,0,0,0,700,300,1120,3,6,1016,61740,4},
{227,201600,25200,12600,0,0,0,0,37500,0,0,0,0,0,0,0,0,0,0,25000,0,700,300,1720,3,6,1017,61740,1},
{228,201600,25200,12600,0,0,0,37500,0,25000,0,0,0,0,0,0,0,0,0,0,0,700,300,1320,3,6,1018,61740,2},
{229,201600,25200,12600,0,0,0,0,37500,0,0,0,0,0,0,0,0,0,0,25000,0,700,300,1520,3,6,1019,61740,3},
{230,201600,25200,12600,37500,0,25000,0,0,0,0,0,0,0,0,0,0,0,0,0,0,700,300,1520,3,6,1020,61740,4},
{231,201600,25200,12600,0,0,0,37500,0,25000,0,0,0,0,0,0,0,0,0,0,0,700,300,1720,3,6,1021,61740,1},
{232,201600,25200,12600,0,0,0,0,37500,0,0,0,0,0,0,0,0,0,0,25000,0,700,300,1120,3,6,1022,61740,2},
{233,201600,25200,12600,0,0,0,37500,0,25000,0,0,0,0,0,0,0,0,0,0,0,700,300,1320,3,6,1023,61740,3},
{234,201600,25200,12600,0,0,0,0,37500,0,0,0,0,0,0,0,0,0,0,25000,0,700,300,1320,3,6,1024,61740,4},
{235,201600,25200,12600,37500,0,25000,0,0,0,0,0,0,0,0,0,0,0,0,0,0,700,300,1720,3,6,1025,61740,1},
{236,201600,25200,12600,37500,0,25000,0,0,0,0,0,0,0,0,0,0,0,0,0,0,700,300,1120,3,6,1026,61740,2},
{237,201600,25200,12600,0,0,0,37500,0,25000,0,0,0,0,0,0,0,0,0,0,0,700,300,1320,3,6,1027,61740,3},
{238,201600,25200,12600,37500,0,25000,0,0,0,0,0,0,0,0,0,0,0,0,0,0,700,300,1720,3,6,1028,61740,4},
{239,201600,25200,12600,0,0,0,0,37500,0,0,0,0,0,0,0,0,0,0,25000,0,700,300,1520,3,6,1029,61740,1},
{240,201600,25200,12600,0,0,0,37500,0,25000,0,0,0,0,0,0,0,0,0,0,0,700,300,1320,3,6,1030,61740,2},
{241,201600,25200,12600,37500,0,25000,0,0,0,0,0,0,0,0,0,0,0,0,0,0,700,300,1120,3,6,1031,61740,3},
{242,201600,25200,12600,0,0,0,37500,0,25000,0,0,0,0,0,0,0,0,0,0,0,700,300,1320,3,6,1032,61740,4},
{243,201600,25200,12600,0,0,0,0,37500,0,0,0,0,0,0,0,0,0,0,25000,0,700,300,1520,3,6,1033,61740,1},
{244,201600,25200,12600,0,0,0,37500,0,25000,0,0,0,0,0,0,0,0,0,0,0,700,300,1320,3,6,1034,61740,2},
{245,201600,25200,12600,0,0,0,0,37500,0,0,0,0,0,0,0,0,0,0,25000,0,700,300,1120,3,6,1035,61740,3},
{246,201600,25200,12600,37500,0,25000,0,0,0,0,0,0,0,0,0,0,0,0,0,0,700,300,1720,3,6,1036,61740,4},
{247,201600,25200,12600,0,0,0,0,37500,0,0,0,0,0,0,0,0,0,0,25000,0,700,300,1120,3,6,1037,61740,1},
{248,201600,25200,12600,0,0,0,37500,0,25000,0,0,0,0,0,0,0,0,0,0,0,700,300,1320,3,6,1038,61740,2},
{249,201600,25200,12600,0,0,0,0,37500,0,0,0,0,0,0,0,0,0,0,25000,0,700,300,1720,3,6,1039,61740,3},
{250,201600,25200,12600,0,0,0,0,37500,0,0,0,0,0,0,0,0,0,0,25000,0,700,300,1520,3,6,1040,61740,4},
{251,201600,25200,12600,37500,0,25000,0,0,0,0,0,0,0,0,0,0,0,0,0,0,700,300,1120,3,6,1041,61740,1},
{252,201600,25200,12600,0,0,0,37500,0,25000,0,0,0,0,0,0,0,0,0,0,0,700,300,1320,3,6,1042,61740,2},
{6253,201600,25200,12600,0,0,0,0,37500,0,0,0,0,0,0,0,0,0,0,25000,0,700,300,1720,3,6,1043,61740,3},
{6254,201600,25200,12600,0,0,0,37500,0,25000,0,0,0,0,0,0,0,0,0,0,0,700,300,1320,3,6,1044,61740,4},
{6255,201600,25200,12600,0,0,0,0,37500,0,0,0,0,0,0,0,0,0,0,25000,0,700,300,1720,3,6,1045,61740,1},
{6256,201600,25200,12600,37500,0,25000,0,0,0,0,0,0,0,0,0,0,0,0,0,0,700,300,1120,3,6,1046,61740,2},
{6257,201600,25200,12600,0,0,0,0,37500,0,0,0,0,0,0,0,0,0,0,25000,0,700,300,1720,3,6,1047,61740,3},
{6258,201600,25200,12600,37500,0,25000,0,0,0,0,0,0,0,0,0,0,0,0,0,0,700,300,1120,3,6,1048,61740,4},
{6259,201600,25200,12600,0,0,0,0,37500,0,0,0,0,0,0,0,0,0,0,25000,0,700,300,1120,3,6,1049,61740,1},
{6260,201600,25200,12600,37500,0,25000,0,0,0,0,0,0,0,0,0,0,0,0,0,0,700,300,1120,3,6,1050,61740,2},
{6261,201600,25200,12600,0,0,0,0,37500,0,0,0,0,0,0,0,0,0,0,25000,0,700,300,1720,3,6,1051,61740,3},
{6262,201600,25200,12600,0,0,0,37500,0,25000,0,0,0,0,0,0,0,0,0,0,0,700,300,1320,3,6,1052,61740,4},
{6263,201600,25200,12600,0,0,0,37500,0,25000,0,0,0,0,0,0,0,0,0,0,0,700,300,1320,3,6,1053,61740,1},
{6264,201600,25200,12600,37500,0,25000,0,0,0,0,0,0,0,0,0,0,0,0,0,0,700,300,1120,3,6,1054,61740,2},
{6265,201600,25200,12600,0,0,0,37500,0,25000,0,0,0,0,0,0,0,0,0,0,0,700,300,1320,3,6,1055,61740,3},
{6266,201600,25200,12600,37500,0,25000,0,0,0,0,0,0,0,0,0,0,0,0,0,0,700,300,1120,3,6,1056,61740,4},
{6267,201600,25200,12600,0,0,0,0,37500,0,0,0,0,0,0,0,0,0,0,25000,0,700,300,1720,3,6,1057,61740,1},
{6268,201600,25200,12600,0,0,0,37500,0,25000,0,0,0,0,0,0,0,0,0,0,0,700,300,1320,3,6,1058,61740,2},
{6269,201600,25200,12600,0,0,0,37500,0,25000,0,0,0,0,0,0,0,0,0,0,0,700,300,1320,3,6,1059,61740,3},
{6270,201600,25200,12600,37500,0,25000,0,0,0,0,0,0,0,0,0,0,0,0,0,0,700,300,1120,3,6,1060,61740,4},
{6271,201600,25200,12600,37500,0,25000,0,0,0,0,0,0,0,0,0,0,0,0,0,0,700,300,1120,3,6,1061,61740,1},
{6272,201600,25200,12600,0,0,0,37500,0,25000,0,0,0,0,0,0,0,0,0,0,0,700,300,1320,3,6,1062,61740,2},
{6273,201600,25200,12600,0,0,0,0,37500,0,0,0,0,0,0,0,0,0,0,25000,0,700,300,1120,3,6,1063,61740,3},
{6274,201600,25200,12600,0,0,0,37500,0,25000,0,0,0,0,0,0,0,0,0,0,0,700,300,1320,3,6,1064,61740,4},
{6275,201600,25200,12600,0,0,0,0,37500,0,0,0,0,0,0,0,0,0,0,25000,0,700,300,1120,3,6,1065,61740,1},
{6276,201600,25200,12600,37500,0,25000,0,0,0,0,0,0,0,0,0,0,0,0,0,0,700,300,1120,3,6,1066,61740,2},
{6277,201600,25200,12600,0,0,0,37500,0,25000,0,0,0,0,0,0,0,0,0,0,0,700,300,1320,3,6,1067,61740,3},
{6278,201600,25200,12600,0,0,0,0,37500,0,0,0,0,0,0,0,0,0,0,25000,0,700,300,1520,3,6,1068,61740,4},
{6279,201600,25200,12600,37500,0,25000,0,0,0,0,0,0,0,0,0,0,0,0,0,0,700,300,1120,3,6,1069,61740,1},
{6280,201600,25200,12600,0,0,0,37500,0,25000,0,0,0,0,0,0,0,0,0,0,0,700,300,1320,3,6,1070,61740,2},
{6281,201600,25200,12600,37500,0,25000,0,0,0,0,0,0,0,0,0,0,0,0,0,0,700,300,1120,3,6,1071,61740,3},
{6282,201600,25200,12600,0,0,0,37500,0,25000,0,0,0,0,0,0,0,0,0,0,0,700,300,1320,3,6,1072,61740,4},
{6283,201600,25200,12600,0,0,0,0,37500,0,0,0,0,0,0,0,0,0,0,25000,0,700,300,1520,3,6,1073,61740,1},
{6284,201600,25200,12600,37500,0,25000,0,0,0,0,0,0,0,0,0,0,0,0,0,0,700,300,1120,3,6,1074,61740,2},
{6308,201600,25200,12600,0,0,0,37500,0,25000,0,0,0,0,0,0,0,0,0,0,0,700,300,1320,3,6,1098,61740,3},
{6309,201600,25200,12600,37500,0,25000,0,0,0,0,0,0,0,0,0,0,0,0,0,0,700,300,1120,3,6,1099,61740,4},
{621015,201600,25200,12600,0,0,0,0,37500,0,0,0,0,0,0,0,0,0,0,25000,0,700,300,1120,3,6,21015,61740,3},
{621070,201600,25200,12600,0,0,0,37500,0,25000,0,0,0,0,0,0,0,0,0,0,0,700,300,1320,3,6,21070,61740,1},
{621072,201600,25200,12600,0,0,0,37500,0,25000,0,0,0,0,0,0,0,0,0,0,0,700,300,1320,3,6,21072,61740,3},
{621073,201600,25200,12600,0,0,0,0,37500,0,0,0,0,0,0,0,0,0,0,25000,0,700,300,1120,3,6,21073,61740,1},
{621074,201600,25200,12600,37500,0,25000,0,0,0,0,0,0,0,0,0,0,0,0,0,0,700,300,1120,3,6,21074,61740,3},
{621075,201600,25200,12600,0,0,0,0,37500,0,0,0,0,0,0,0,0,0,0,25000,0,700,300,1120,3,6,21075,61740,2},
{621076,201600,25200,12600,0,0,0,0,37500,0,0,0,0,0,0,0,0,0,0,25000,0,700,300,1120,3,6,21076,61740,4},
{621077,201600,25200,12600,0,0,0,0,37500,0,0,0,0,0,0,0,0,0,0,25000,0,700,300,1120,3,6,21077,61740,4},
{621078,201600,25200,12600,37500,0,25000,0,0,0,0,0,0,0,0,0,0,0,0,0,0,700,300,1120,3,6,21078,61740,1},
{621079,201600,25200,12600,0,0,0,37500,0,25000,0,0,0,0,0,0,0,0,0,0,0,700,300,1320,3,6,21079,61740,2},
{621080,201600,25200,12600,37500,0,25000,0,0,0,0,0,0,0,0,0,0,0,0,0,0,700,300,1120,3,6,21080,61740,2},
{621081,201600,25200,12600,0,0,0,37500,0,25000,0,0,0,0,0,0,0,0,0,0,0,700,300,1320,3,6,21081,61740,3},
{621082,201600,25200,12600,0,0,0,37500,0,25000,0,0,0,0,0,0,0,0,0,0,0,700,300,1320,3,6,21082,61740,4},
{621083,201600,25200,12600,37500,0,25000,0,0,0,0,0,0,0,0,0,0,0,0,0,0,700,300,1120,3,6,21083,61740,1},
{621084,201600,25200,12600,0,0,0,0,37500,0,0,0,0,0,0,0,0,0,0,25000,0,700,300,1120,3,6,21084,61740,2},
{621085,201600,25200,12600,37500,0,25000,0,0,0,0,0,0,0,0,0,0,0,0,0,0,700,300,1120,3,6,21085,61740,3},
{621086,201600,25200,12600,0,0,0,0,37500,0,0,0,0,0,0,0,0,0,0,25000,0,700,300,1120,3,6,21086,61740,4},
{621087,201600,25200,12600,0,0,0,37500,0,25000,0,0,0,0,0,0,0,0,0,0,0,700,300,1320,3,6,21087,61740,1},
{621088,201600,25200,12600,0,0,0,0,37500,0,0,0,0,0,0,0,0,0,0,25000,0,700,300,1120,3,6,21088,61740,2},
{621089,201600,25200,12600,0,0,0,37500,0,25000,0,0,0,0,0,0,0,0,0,0,0,700,300,1320,3,6,21089,61740,3},
{621090,201600,25200,12600,37500,0,25000,0,0,0,0,0,0,0,0,0,0,0,0,0,0,700,300,1120,3,6,21090,61740,4},
{621101,201600,25200,12600,0,0,0,37500,0,25000,0,0,0,0,0,0,0,0,0,0,0,700,300,1320,3,6,21101,61740,1},
{621102,201600,25200,12600,37500,0,25000,0,0,0,0,0,0,0,0,0,0,0,0,0,0,700,300,1120,3,6,21102,61740,2},
{621103,201600,25200,12600,0,0,0,0,37500,0,0,0,0,0,0,0,0,0,0,25000,0,700,300,1120,3,6,21103,61740,3},
{621104,201600,25200,12600,37500,0,25000,0,0,0,0,0,0,0,0,0,0,0,0,0,0,700,300,1120,3,6,21104,61740,4},
{621105,201600,25200,12600,0,0,0,0,37500,0,0,0,0,0,0,0,0,0,0,25000,0,700,300,1120,3,6,21105,61740,1},
{621106,201600,25200,12600,0,0,0,37500,0,25000,0,0,0,0,0,0,0,0,0,0,0,700,300,1320,3,6,21106,61740,2},
{621107,201600,25200,12600,0,0,0,0,37500,0,0,0,0,0,0,0,0,0,0,25000,0,700,300,1120,3,6,21107,61740,3},
{621108,201600,25200,12600,0,0,0,37500,0,25000,0,0,0,0,0,0,0,0,0,0,0,700,300,1320,3,6,21108,61740,4},
{621109,201600,25200,12600,37500,0,25000,0,0,0,0,0,0,0,0,0,0,0,0,0,0,700,300,1120,3,6,21109,61740,1},
{621110,201600,25200,12600,0,0,0,37500,0,25000,0,0,0,0,0,0,0,0,0,0,0,700,300,1320,3,6,21110,61740,2},
{621111,201600,25200,12600,37500,0,25000,0,0,0,0,0,0,0,0,0,0,0,0,0,0,700,300,1120,3,6,21111,61740,3},
{621112,201600,25200,12600,0,0,0,0,37500,0,0,0,0,0,0,0,0,0,0,25000,0,700,300,1120,3,6,21112,61740,4},
{621113,201600,25200,12600,37500,0,25000,0,0,0,0,0,0,0,0,0,0,0,0,0,0,700,300,1120,3,6,21113,61740,1},
{621114,201600,25200,12600,0,0,0,0,37500,0,0,0,0,0,0,0,0,0,0,25000,0,700,300,1120,3,6,21114,61740,2},
{621115,201600,25200,12600,0,0,0,37500,0,25000,0,0,0,0,0,0,0,0,0,0,0,700,300,1320,3,6,21115,61740,3},
{621116,201600,25200,12600,0,0,0,0,37500,0,0,0,0,0,0,0,0,0,0,25000,0,700,300,1120,3,6,21116,61740,4},
{631103,201600,25200,12600,0,0,0,0,37500,0,0,0,0,0,0,0,0,0,0,25000,0,700,300,1120,3,6,31103,61740,3},
{631105,201600,25200,12600,37500,0,25000,0,0,0,0,0,0,0,0,0,0,0,0,0,0,700,300,1120,3,6,31105,61740,1},
{631106,201600,25200,12600,0,0,0,37500,0,25000,0,0,0,0,0,0,0,0,0,0,0,700,300,1320,3,6,31106,61740,2},
{631107,201600,25200,12600,37500,0,25000,0,0,0,0,0,0,0,0,0,0,0,0,0,0,700,300,1120,3,6,31107,61740,3},
{631108,201600,25200,12600,0,0,0,0,37500,0,0,0,0,0,0,0,0,0,0,25000,0,700,300,1120,3,6,31108,61740,4},
{631109,201600,25200,12600,37500,0,25000,0,0,0,0,0,0,0,0,0,0,0,0,0,0,700,300,1120,3,6,31109,61740,1},
{631110,201600,25200,12600,0,0,0,0,37500,0,0,0,0,0,0,0,0,0,0,25000,0,700,300,1120,3,6,31110,61740,2},
{631111,201600,25200,12600,0,0,0,37500,0,25000,0,0,0,0,0,0,0,0,0,0,0,700,300,1320,3,6,31111,61740,3},
{631112,201600,25200,12600,0,0,0,0,37500,0,0,0,0,0,0,0,0,0,0,25000,0,700,300,1120,3,6,31112,61740,4},
{631113,201600,25200,12600,0,0,0,37500,0,25000,0,0,0,0,0,0,0,0,0,0,0,700,300,1320,3,6,31113,61740,1},
{631114,201600,25200,12600,37500,0,25000,0,0,0,0,0,0,0,0,0,0,0,0,0,0,700,300,1320,3,6,31114,61740,2},
{631115,201600,25200,12600,0,0,0,37500,0,25000,0,0,0,0,0,0,0,0,0,0,0,700,300,1320,3,6,31115,61740,3},
{631116,201600,25200,12600,37500,0,25000,0,0,0,0,0,0,0,0,0,0,0,0,0,0,700,300,1320,3,6,31116,61740,4},
{631117,201600,25200,12600,0,0,0,0,37500,0,0,0,0,0,0,0,0,0,0,25000,0,700,300,1120,3,6,31117,61740,4},
{631118,201600,25200,12600,37500,0,25000,0,0,0,0,0,0,0,0,0,0,0,0,0,0,700,300,1320,3,6,31118,61740,1},
{631119,201600,25200,12600,0,0,0,0,37500,0,0,0,0,0,0,0,0,0,0,25000,0,700,300,1120,3,6,31119,61740,2},
{631120,201600,25200,12600,0,0,0,37500,0,25000,0,0,0,0,0,0,0,0,0,0,0,700,300,1320,3,6,31120,61740,3},
{631121,201600,25200,12600,0,0,0,0,37500,0,0,0,0,0,0,0,0,0,0,25000,0,700,300,1120,3,6,31121,61740,1},
{631122,201600,25200,12600,0,0,0,37500,0,25000,0,0,0,0,0,0,0,0,0,0,0,700,300,1320,3,6,31122,61740,2},
{631123,201600,25200,12600,37500,0,25000,0,0,0,0,0,0,0,0,0,0,0,0,0,0,700,300,1320,3,6,31123,61740,3},
{253,216000,27000,13500,40000,0,25500,0,0,0,0,0,0,0,0,0,0,0,0,0,0,700,300,1420,3,7,1001,66150,1},
{254,216000,27000,13500,0,0,0,0,40000,0,0,0,0,0,0,0,0,0,0,25500,0,700,350,1620,3,7,1002,66150,2},
{255,216000,27000,13500,0,0,0,40000,0,25500,0,0,0,0,0,0,0,0,0,0,0,700,350,1220,3,7,1003,66150,3},
{256,216000,27000,13500,0,0,0,0,40000,0,0,0,0,0,0,0,0,0,0,25500,0,700,350,1220,3,7,1004,66150,4},
{257,216000,27000,13500,0,0,0,0,40000,0,0,0,0,0,0,0,0,0,0,25500,0,700,350,1020,3,7,1005,66150,1},
{258,216000,27000,13500,0,0,0,40000,0,25500,0,0,0,0,0,0,0,0,0,0,0,700,350,1420,3,7,1006,66150,2},
{259,216000,27000,13500,0,0,0,40000,0,25500,0,0,0,0,0,0,0,0,0,0,0,700,350,1220,3,7,1007,66150,3},
{260,216000,27000,13500,0,0,0,40000,0,25500,0,0,0,0,0,0,0,0,0,0,0,700,350,1620,3,7,1008,66150,4},
{261,216000,27000,13500,40000,0,25500,0,0,0,0,0,0,0,0,0,0,0,0,0,0,700,350,1220,3,7,1009,66150,1},
{262,216000,27000,13500,40000,0,25500,0,0,0,0,0,0,0,0,0,0,0,0,0,0,700,350,1620,3,7,1010,66150,2},
{263,216000,27000,13500,40000,0,25500,0,0,0,0,0,0,0,0,0,0,0,0,0,0,700,350,1420,3,7,1011,66150,3},
{264,252000,31500,15750,40000,0,25500,0,0,0,0,0,0,0,0,0,0,0,0,0,0,700,350,1720,3,7,1012,77175,4},
{265,216000,27000,13500,0,0,0,0,40000,0,0,0,0,0,0,0,0,0,0,25500,0,700,350,1420,3,7,1013,66150,1},
{266,216000,27000,13500,0,0,0,0,40000,0,0,0,0,0,0,0,0,0,0,25500,0,700,350,1420,3,7,1014,66150,2},
{267,252000,31500,15750,0,0,0,0,40000,0,0,0,0,0,0,0,0,0,0,25500,0,700,350,1120,3,7,1015,77175,3},
{268,252000,31500,15750,40000,0,25500,0,0,0,0,0,0,0,0,0,0,0,0,0,0,700,350,1120,3,7,1016,77175,4},
{269,252000,31500,15750,0,0,0,0,40000,0,0,0,0,0,0,0,0,0,0,25500,0,700,350,1720,3,7,1017,77175,1},
{270,252000,31500,15750,0,0,0,40000,0,25500,0,0,0,0,0,0,0,0,0,0,0,700,350,1320,3,7,1018,77175,2},
{271,252000,31500,15750,0,0,0,0,40000,0,0,0,0,0,0,0,0,0,0,25500,0,700,350,1520,3,7,1019,77175,3},
{272,252000,31500,15750,40000,0,25500,0,0,0,0,0,0,0,0,0,0,0,0,0,0,700,350,1520,3,7,1020,77175,4},
{273,252000,31500,15750,0,0,0,40000,0,25500,0,0,0,0,0,0,0,0,0,0,0,700,350,1720,3,7,1021,77175,1},
{274,252000,31500,15750,0,0,0,0,40000,0,0,0,0,0,0,0,0,0,0,25500,0,700,350,1120,3,7,1022,77175,2},
{275,252000,31500,15750,0,0,0,40000,0,25500,0,0,0,0,0,0,0,0,0,0,0,700,350,1320,3,7,1023,77175,3},
{276,252000,31500,15750,0,0,0,0,40000,0,0,0,0,0,0,0,0,0,0,25500,0,700,350,1320,3,7,1024,77175,4},
{277,252000,31500,15750,40000,0,25500,0,0,0,0,0,0,0,0,0,0,0,0,0,0,700,350,1720,3,7,1025,77175,1},
{278,252000,31500,15750,40000,0,25500,0,0,0,0,0,0,0,0,0,0,0,0,0,0,700,350,1120,3,7,1026,77175,2},
{279,252000,31500,15750,0,0,0,40000,0,25500,0,0,0,0,0,0,0,0,0,0,0,700,350,1320,3,7,1027,77175,3},
{280,252000,31500,15750,40000,0,25500,0,0,0,0,0,0,0,0,0,0,0,0,0,0,700,350,1720,3,7,1028,77175,4},
{281,252000,31500,15750,0,0,0,0,40000,0,0,0,0,0,0,0,0,0,0,25500,0,700,350,1520,3,7,1029,77175,1},
{282,252000,31500,15750,0,0,0,40000,0,25500,0,0,0,0,0,0,0,0,0,0,0,700,350,1320,3,7,1030,77175,2},
{283,252000,31500,15750,40000,0,25500,0,0,0,0,0,0,0,0,0,0,0,0,0,0,700,350,1120,3,7,1031,77175,3},
{284,252000,31500,15750,0,0,0,40000,0,25500,0,0,0,0,0,0,0,0,0,0,0,700,350,1320,3,7,1032,77175,4},
{285,252000,31500,15750,0,0,0,0,40000,0,0,0,0,0,0,0,0,0,0,25500,0,700,350,1520,3,7,1033,77175,1},
{286,252000,31500,15750,0,0,0,40000,0,25500,0,0,0,0,0,0,0,0,0,0,0,700,350,1320,3,7,1034,77175,2},
{287,252000,31500,15750,0,0,0,0,40000,0,0,0,0,0,0,0,0,0,0,25500,0,700,350,1120,3,7,1035,77175,3},
{288,252000,31500,15750,40000,0,25500,0,0,0,0,0,0,0,0,0,0,0,0,0,0,700,350,1720,3,7,1036,77175,4},
{289,252000,31500,15750,0,0,0,0,40000,0,0,0,0,0,0,0,0,0,0,25500,0,700,350,1120,3,7,1037,77175,1},
{290,252000,31500,15750,0,0,0,40000,0,25500,0,0,0,0,0,0,0,0,0,0,0,700,350,1320,3,7,1038,77175,2},
{291,252000,31500,15750,0,0,0,0,40000,0,0,0,0,0,0,0,0,0,0,25500,0,700,350,1720,3,7,1039,77175,3},
{292,252000,31500,15750,0,0,0,0,40000,0,0,0,0,0,0,0,0,0,0,25500,0,700,350,1520,3,7,1040,77175,4},
{293,252000,31500,15750,40000,0,25500,0,0,0,0,0,0,0,0,0,0,0,0,0,0,700,350,1120,3,7,1041,77175,1},
{294,252000,31500,15750,0,0,0,40000,0,25500,0,0,0,0,0,0,0,0,0,0,0,700,350,1320,3,7,1042,77175,2},
{7295,252000,31500,15750,0,0,0,0,40000,0,0,0,0,0,0,0,0,0,0,25500,0,700,350,1720,3,7,1043,77175,3},
{7296,252000,31500,15750,0,0,0,40000,0,25500,0,0,0,0,0,0,0,0,0,0,0,700,350,1320,3,7,1044,77175,4},
{7297,252000,31500,15750,0,0,0,0,40000,0,0,0,0,0,0,0,0,0,0,25500,0,700,350,1720,3,7,1045,77175,1},
{7298,252000,31500,15750,40000,0,25500,0,0,0,0,0,0,0,0,0,0,0,0,0,0,700,350,1120,3,7,1046,77175,2},
{7299,252000,31500,15750,0,0,0,0,40000,0,0,0,0,0,0,0,0,0,0,25500,0,700,350,1720,3,7,1047,77175,3},
{7300,252000,31500,15750,40000,0,25500,0,0,0,0,0,0,0,0,0,0,0,0,0,0,700,350,1120,3,7,1048,77175,4},
{7301,252000,31500,15750,0,0,0,0,40000,0,0,0,0,0,0,0,0,0,0,25500,0,700,350,1120,3,7,1049,77175,1},
{7302,252000,31500,15750,40000,0,25500,0,0,0,0,0,0,0,0,0,0,0,0,0,0,700,350,1120,3,7,1050,77175,2},
{7303,252000,31500,15750,0,0,0,0,40000,0,0,0,0,0,0,0,0,0,0,25500,0,700,350,1720,3,7,1051,77175,3},
{7304,252000,31500,15750,0,0,0,40000,0,25500,0,0,0,0,0,0,0,0,0,0,0,700,350,1320,3,7,1052,77175,4},
{7305,252000,31500,15750,0,0,0,40000,0,25500,0,0,0,0,0,0,0,0,0,0,0,700,350,1320,3,7,1053,77175,1},
{7306,252000,31500,15750,40000,0,25500,0,0,0,0,0,0,0,0,0,0,0,0,0,0,700,350,1120,3,7,1054,77175,2},
{7307,252000,31500,15750,0,0,0,40000,0,25500,0,0,0,0,0,0,0,0,0,0,0,700,350,1320,3,7,1055,77175,3},
{7308,252000,31500,15750,40000,0,25500,0,0,0,0,0,0,0,0,0,0,0,0,0,0,700,350,1120,3,7,1056,77175,4},
{7309,252000,31500,15750,0,0,0,0,40000,0,0,0,0,0,0,0,0,0,0,25500,0,700,350,1720,3,7,1057,77175,1},
{7310,252000,31500,15750,0,0,0,40000,0,25500,0,0,0,0,0,0,0,0,0,0,0,700,350,1320,3,7,1058,77175,2},
{7311,252000,31500,15750,0,0,0,40000,0,25500,0,0,0,0,0,0,0,0,0,0,0,700,350,1320,3,7,1059,77175,3},
{7312,252000,31500,15750,40000,0,25500,0,0,0,0,0,0,0,0,0,0,0,0,0,0,700,350,1120,3,7,1060,77175,4},
{7313,252000,31500,15750,40000,0,25500,0,0,0,0,0,0,0,0,0,0,0,0,0,0,700,350,1120,3,7,1061,77175,1},
{7314,252000,31500,15750,0,0,0,40000,0,25500,0,0,0,0,0,0,0,0,0,0,0,700,350,1320,3,7,1062,77175,2},
{7315,252000,31500,15750,0,0,0,0,40000,0,0,0,0,0,0,0,0,0,0,25500,0,700,350,1120,3,7,1063,77175,3},
{7316,252000,31500,15750,0,0,0,40000,0,25500,0,0,0,0,0,0,0,0,0,0,0,700,350,1320,3,7,1064,77175,4},
{7317,252000,31500,15750,0,0,0,0,40000,0,0,0,0,0,0,0,0,0,0,25500,0,700,350,1120,3,7,1065,77175,1},
{7318,252000,31500,15750,40000,0,25500,0,0,0,0,0,0,0,0,0,0,0,0,0,0,700,350,1120,3,7,1066,77175,2},
{7319,252000,31500,15750,0,0,0,40000,0,25500,0,0,0,0,0,0,0,0,0,0,0,700,350,1320,3,7,1067,77175,3},
{7320,252000,31500,15750,0,0,0,0,40000,0,0,0,0,0,0,0,0,0,0,25500,0,700,350,1520,3,7,1068,77175,4},
{7321,252000,31500,15750,40000,0,25500,0,0,0,0,0,0,0,0,0,0,0,0,0,0,700,350,1120,3,7,1069,77175,1},
{7322,252000,31500,15750,0,0,0,40000,0,25500,0,0,0,0,0,0,0,0,0,0,0,700,350,1320,3,7,1070,77175,2},
{7323,252000,31500,15750,40000,0,25500,0,0,0,0,0,0,0,0,0,0,0,0,0,0,700,350,1120,3,7,1071,77175,3},
{7324,252000,31500,15750,0,0,0,40000,0,25500,0,0,0,0,0,0,0,0,0,0,0,700,350,1320,3,7,1072,77175,4},
{7325,252000,31500,15750,0,0,0,0,40000,0,0,0,0,0,0,0,0,0,0,25500,0,700,350,1520,3,7,1073,77175,1},
{7326,252000,31500,15750,40000,0,25500,0,0,0,0,0,0,0,0,0,0,0,0,0,0,700,350,1120,3,7,1074,77175,2},
{7350,252000,31500,15750,0,0,0,40000,0,25500,0,0,0,0,0,0,0,0,0,0,0,700,350,1320,3,7,1098,77175,3},
{7351,252000,31500,15750,40000,0,25500,0,0,0,0,0,0,0,0,0,0,0,0,0,0,700,350,1120,3,7,1099,77175,4},
{721015,252000,31500,15750,0,0,0,0,40000,0,0,0,0,0,0,0,0,0,0,25500,0,700,350,1120,3,7,21015,77175,3},
{721070,252000,31500,15750,0,0,0,40000,0,25500,0,0,0,0,0,0,0,0,0,0,0,700,350,1320,3,7,21070,77175,1},
{721072,252000,31500,15750,0,0,0,40000,0,25500,0,0,0,0,0,0,0,0,0,0,0,700,350,1320,3,7,21072,77175,3},
{721073,252000,31500,15750,0,0,0,0,40000,0,0,0,0,0,0,0,0,0,0,25500,0,700,350,1120,3,7,21073,77175,1},
{721074,252000,31500,15750,40000,0,25500,0,0,0,0,0,0,0,0,0,0,0,0,0,0,700,350,1120,3,7,21074,77175,3},
{721075,252000,31500,15750,0,0,0,0,40000,0,0,0,0,0,0,0,0,0,0,25500,0,700,350,1120,3,7,21075,77175,2},
{721076,252000,31500,15750,0,0,0,0,40000,0,0,0,0,0,0,0,0,0,0,25500,0,700,350,1120,3,7,21076,77175,4},
{721077,252000,31500,15750,0,0,0,0,40000,0,0,0,0,0,0,0,0,0,0,25500,0,700,350,1120,3,7,21077,77175,4},
{721078,252000,31500,15750,40000,0,25500,0,0,0,0,0,0,0,0,0,0,0,0,0,0,700,350,1120,3,7,21078,77175,1},
{721079,252000,31500,15750,0,0,0,40000,0,25500,0,0,0,0,0,0,0,0,0,0,0,700,350,1320,3,7,21079,77175,2},
{721080,252000,31500,15750,40000,0,25500,0,0,0,0,0,0,0,0,0,0,0,0,0,0,700,350,1120,3,7,21080,77175,2},
{721081,252000,31500,15750,0,0,0,40000,0,25500,0,0,0,0,0,0,0,0,0,0,0,700,350,1320,3,7,21081,77175,3},
{721082,252000,31500,15750,0,0,0,40000,0,25500,0,0,0,0,0,0,0,0,0,0,0,700,350,1320,3,7,21082,77175,4},
{721083,252000,31500,15750,40000,0,25500,0,0,0,0,0,0,0,0,0,0,0,0,0,0,700,350,1120,3,7,21083,77175,1},
{721084,252000,31500,15750,0,0,0,0,40000,0,0,0,0,0,0,0,0,0,0,25500,0,700,350,1120,3,7,21084,77175,2},
{721085,252000,31500,15750,40000,0,25500,0,0,0,0,0,0,0,0,0,0,0,0,0,0,700,350,1120,3,7,21085,77175,3},
{721086,252000,31500,15750,0,0,0,0,40000,0,0,0,0,0,0,0,0,0,0,25500,0,700,350,1120,3,7,21086,77175,4},
{721087,252000,31500,15750,0,0,0,40000,0,25500,0,0,0,0,0,0,0,0,0,0,0,700,350,1320,3,7,21087,77175,1},
{721088,252000,31500,15750,0,0,0,0,40000,0,0,0,0,0,0,0,0,0,0,25500,0,700,350,1120,3,7,21088,77175,2},
{721089,252000,31500,15750,0,0,0,40000,0,25500,0,0,0,0,0,0,0,0,0,0,0,700,350,1320,3,7,21089,77175,3},
{721090,252000,31500,15750,40000,0,25500,0,0,0,0,0,0,0,0,0,0,0,0,0,0,700,350,1120,3,7,21090,77175,4},
{721101,252000,31500,15750,0,0,0,40000,0,25500,0,0,0,0,0,0,0,0,0,0,0,700,350,1320,3,7,21101,77175,1},
{721102,252000,31500,15750,40000,0,25500,0,0,0,0,0,0,0,0,0,0,0,0,0,0,700,350,1120,3,7,21102,77175,2},
{721103,252000,31500,15750,0,0,0,0,40000,0,0,0,0,0,0,0,0,0,0,25500,0,700,350,1120,3,7,21103,77175,3},
{721104,252000,31500,15750,40000,0,25500,0,0,0,0,0,0,0,0,0,0,0,0,0,0,700,350,1120,3,7,21104,77175,4},
{721105,252000,31500,15750,0,0,0,0,40000,0,0,0,0,0,0,0,0,0,0,25500,0,700,350,1120,3,7,21105,77175,1},
{721106,252000,31500,15750,0,0,0,40000,0,25500,0,0,0,0,0,0,0,0,0,0,0,700,350,1320,3,7,21106,77175,2},
{721107,252000,31500,15750,0,0,0,0,40000,0,0,0,0,0,0,0,0,0,0,25500,0,700,350,1120,3,7,21107,77175,3},
{721108,252000,31500,15750,0,0,0,40000,0,25500,0,0,0,0,0,0,0,0,0,0,0,700,350,1320,3,7,21108,77175,4},
{721109,252000,31500,15750,40000,0,25500,0,0,0,0,0,0,0,0,0,0,0,0,0,0,700,350,1120,3,7,21109,77175,1},
{721110,252000,31500,15750,0,0,0,40000,0,25500,0,0,0,0,0,0,0,0,0,0,0,700,350,1320,3,7,21110,77175,2},
{721111,252000,31500,15750,40000,0,25500,0,0,0,0,0,0,0,0,0,0,0,0,0,0,700,350,1120,3,7,21111,77175,3},
{721112,252000,31500,15750,0,0,0,0,40000,0,0,0,0,0,0,0,0,0,0,25500,0,700,350,1120,3,7,21112,77175,4},
{721113,252000,31500,15750,40000,0,25500,0,0,0,0,0,0,0,0,0,0,0,0,0,0,700,350,1120,3,7,21113,77175,1},
{721114,252000,31500,15750,0,0,0,0,40000,0,0,0,0,0,0,0,0,0,0,25500,0,700,350,1120,3,7,21114,77175,2},
{721115,252000,31500,15750,0,0,0,40000,0,25500,0,0,0,0,0,0,0,0,0,0,0,700,350,1320,3,7,21115,77175,3},
{721116,252000,31500,15750,0,0,0,0,40000,0,0,0,0,0,0,0,0,0,0,25500,0,700,350,1120,3,7,21116,77175,4},
{731103,252000,31500,15750,0,0,0,0,40000,0,0,0,0,0,0,0,0,0,0,25500,0,700,350,1120,3,7,31103,77175,3},
{731105,252000,31500,15750,40000,0,25500,0,0,0,0,0,0,0,0,0,0,0,0,0,0,700,350,1120,3,7,31105,77175,1},
{731106,252000,31500,15750,0,0,0,40000,0,25500,0,0,0,0,0,0,0,0,0,0,0,700,350,1320,3,7,31106,77175,2},
{731107,252000,31500,15750,40000,0,25500,0,0,0,0,0,0,0,0,0,0,0,0,0,0,700,350,1120,3,7,31107,77175,3},
{731108,252000,31500,15750,0,0,0,0,40000,0,0,0,0,0,0,0,0,0,0,25500,0,700,350,1120,3,7,31108,77175,4},
{731109,252000,31500,15750,40000,0,25500,0,0,0,0,0,0,0,0,0,0,0,0,0,0,700,350,1120,3,7,31109,77175,1},
{731110,252000,31500,15750,0,0,0,0,40000,0,0,0,0,0,0,0,0,0,0,25500,0,700,350,1120,3,7,31110,77175,2},
{731111,252000,31500,15750,0,0,0,40000,0,25500,0,0,0,0,0,0,0,0,0,0,0,700,350,1320,3,7,31111,77175,3},
{731112,252000,31500,15750,0,0,0,0,40000,0,0,0,0,0,0,0,0,0,0,25500,0,700,350,1120,3,7,31112,77175,4},
{731113,252000,31500,15750,0,0,0,40000,0,25500,0,0,0,0,0,0,0,0,0,0,0,700,350,1320,3,7,31113,77175,1},
{731114,252000,31500,15750,40000,0,25500,0,0,0,0,0,0,0,0,0,0,0,0,0,0,700,350,1320,3,7,31114,77175,2},
{731115,252000,31500,15750,0,0,0,40000,0,25500,0,0,0,0,0,0,0,0,0,0,0,700,350,1320,3,7,31115,77175,3},
{731116,252000,31500,15750,40000,0,25500,0,0,0,0,0,0,0,0,0,0,0,0,0,0,700,350,1320,3,7,31116,77175,4},
{731117,252000,31500,15750,0,0,0,0,40000,0,0,0,0,0,0,0,0,0,0,25500,0,700,350,1120,3,7,31117,77175,4},
{731118,252000,31500,15750,40000,0,25500,0,0,0,0,0,0,0,0,0,0,0,0,0,0,700,350,1320,3,7,31118,77175,1},
{731119,252000,31500,15750,0,0,0,0,40000,0,0,0,0,0,0,0,0,0,0,25500,0,700,350,1120,3,7,31119,77175,2},
{731120,252000,31500,15750,0,0,0,40000,0,25500,0,0,0,0,0,0,0,0,0,0,0,700,350,1320,3,7,31120,77175,3},
{731121,252000,31500,15750,0,0,0,0,40000,0,0,0,0,0,0,0,0,0,0,25500,0,700,350,1120,3,7,31121,77175,1},
{731122,252000,31500,15750,0,0,0,40000,0,25500,0,0,0,0,0,0,0,0,0,0,0,700,350,1320,3,7,31122,77175,2},
{731123,252000,31500,15750,40000,0,25500,0,0,0,0,0,0,0,0,0,0,0,0,0,0,700,350,1320,3,7,31123,77175,3}
},
Len=931
}
return e 
