3036.png
size:2048,1024
filter:Linear,Linear
1
bounds:672,20,227,373
offsets:667,222,1560,720
10
bounds:972,387,236,365
offsets:661,222,1560,720
11
bounds:484,395,231,357
offsets:661,222,1560,720
12
bounds:1664,383,249,369
offsets:656,222,1560,720
13
bounds:1123,6,257,377
offsets:651,222,1560,720
14
bounds:1382,6,246,377
offsets:656,222,1560,720
15
bounds:1630,0,238,381
offsets:659,222,1560,720
16
bounds:213,41,229,371
offsets:665,221,1560,720
2
bounds:901,11,220,374
offsets:672,222,1560,720
3
bounds:1210,385,213,367
offsets:676,222,1560,720
4
bounds:252,414,230,338
offsets:665,222,1560,720
5
bounds:0,417,250,335
offsets:655,220,1560,720
6
bounds:717,395,253,357
offsets:654,222,1560,720
7
bounds:1425,385,237,367
offsets:662,222,1560,720
8
bounds:444,21,226,372
offsets:667,222,1560,720
9
bounds:0,45,211,370
offsets:676,219,1560,720
