local e=
{
ByIdx={
{1063,280000,48800,53567,0,0,0,0,20000,0,0,0,0,0,0,0,0,0,0,20000,0,700,50,1520,3,3,21025,113977,3,{1001,10},10000},
{1064,453000,69657,77853,0,0,0,0,20000,0,0,0,0,0,0,0,0,0,0,20000,0,700,50,1520,3,3,21025,171579,3,{1001,10},10000},
{1065,1221000,110348,118488,0,0,0,0,20000,0,0,0,0,0,0,0,0,0,0,20000,0,700,50,1520,3,3,21025,348524,3,{1001,10},10000},
{1066,280000,48800,53567,0,0,0,0,20000,0,0,0,0,0,0,0,0,0,0,20000,0,700,50,1520,3,3,21025,113977,3,{1001,10},10000},
{1067,453000,69657,77853,0,0,0,0,20000,0,0,0,0,0,0,0,0,0,0,20000,0,700,50,1520,3,3,21025,171579,3,{1001,10},10000},
{1068,1221000,110348,118488,0,0,0,0,20000,0,0,0,0,0,0,0,0,0,0,20000,0,700,50,1520,3,3,21025,348524,3,{1001,10},10000}
},
Len=6
}
return e 
