local e={}
e.__index=e
function e.Init()
e.indexData={}
e.indexData['index_1']={}
e.indexData['index_1']['1']={101000,101001,101002,101003,101004,101005,101006,101007,101008,101009,101010,101011,101012,101013,101014,101015,101016,101017,101018,101019,101020,101021,101022,101023,101024,101025,101026,101027,101028,101029,101030,101031,101032,101033,101034,101035,101036,101037,101038,101039,101040,101041,101042,101043,101044,101045,101046,101047,101048,101049,101050,101051,101052,101053,101054,101055,101056,101057,101058,101059,101060,101061,101062,101063,101064,101065,101066,101067,101068,101069,101070,101071,101072,101073,101074,101075,101076,101077,101078,101079,101080,101081,101082,101083,101084,101085,101086,101087,101088,101089,101090,101091,101092,101093,101094,101095,101096,101097,101098,101099,101100}
e.indexData['index_1']['10']={110000,110001,110002,110003,110004,110005,110006,110007,110008,110009,110010,110011,110012,110013,110014,110015,110016,110017,110018,110019,110020,110021,110022,110023,110024,110025,110026,110027,110028,110029,110030,110031,110032,110033,110034,110035,110036,110037,110038,110039,110040,110041,110042,110043,110044,110045,110046,110047,110048,110049,110050,110051,110052,110053,110054,110055,110056,110057,110058,110059,110060,110061,110062,110063,110064,110065,110066,110067,110068,110069,110070,110071,110072,110073,110074,110075,110076,110077,110078,110079,110080,110081,110082,110083,110084,110085,110086,110087,110088,110089,110090,110091,110092,110093,110094,110095,110096,110097,110098,110099,110100}
e.indexData['index_1']['11']={111000,111001,111002,111003,111004,111005,111006,111007,111008,111009,111010,111011,111012,111013,111014,111015,111016,111017,111018,111019,111020,111021,111022,111023,111024,111025,111026,111027,111028,111029,111030,111031,111032,111033,111034,111035,111036,111037,111038,111039,111040,111041,111042,111043,111044,111045,111046,111047,111048,111049,111050,111051,111052,111053,111054,111055,111056,111057,111058,111059,111060,111061,111062,111063,111064,111065,111066,111067,111068,111069,111070,111071,111072,111073,111074,111075,111076,111077,111078,111079,111080,111081,111082,111083,111084,111085,111086,111087,111088,111089,111090,111091,111092,111093,111094,111095,111096,111097,111098,111099,111100}
e.indexData['index_1']['12']={112000,112001,112002,112003,112004,112005,112006,112007,112008,112009,112010,112011,112012,112013,112014,112015,112016,112017,112018,112019,112020,112021,112022,112023,112024,112025,112026,112027,112028,112029,112030,112031,112032,112033,112034,112035,112036,112037,112038,112039,112040,112041,112042,112043,112044,112045,112046,112047,112048,112049,112050,112051,112052,112053,112054,112055,112056,112057,112058,112059,112060,112061,112062,112063,112064,112065,112066,112067,112068,112069,112070,112071,112072,112073,112074,112075,112076,112077,112078,112079,112080,112081,112082,112083,112084,112085,112086,112087,112088,112089,112090,112091,112092,112093,112094,112095,112096,112097,112098,112099,112100}
e.indexData['index_1']['2']={102000,102001,102002,102003,102004,102005,102006,102007,102008,102009,102010,102011,102012,102013,102014,102015,102016,102017,102018,102019,102020,102021,102022,102023,102024,102025,102026,102027,102028,102029,102030,102031,102032,102033,102034,102035,102036,102037,102038,102039,102040,102041,102042,102043,102044,102045,102046,102047,102048,102049,102050,102051,102052,102053,102054,102055,102056,102057,102058,102059,102060,102061,102062,102063,102064,102065,102066,102067,102068,102069,102070,102071,102072,102073,102074,102075,102076,102077,102078,102079,102080,102081,102082,102083,102084,102085,102086,102087,102088,102089,102090,102091,102092,102093,102094,102095,102096,102097,102098,102099,102100}
e.indexData['index_1']['3']={103000,103001,103002,103003,103004,103005,103006,103007,103008,103009,103010,103011,103012,103013,103014,103015,103016,103017,103018,103019,103020,103021,103022,103023,103024,103025,103026,103027,103028,103029,103030,103031,103032,103033,103034,103035,103036,103037,103038,103039,103040,103041,103042,103043,103044,103045,103046,103047,103048,103049,103050,103051,103052,103053,103054,103055,103056,103057,103058,103059,103060,103061,103062,103063,103064,103065,103066,103067,103068,103069,103070,103071,103072,103073,103074,103075,103076,103077,103078,103079,103080,103081,103082,103083,103084,103085,103086,103087,103088,103089,103090,103091,103092,103093,103094,103095,103096,103097,103098,103099,103100}
e.indexData['index_1']['4']={104000,104001,104002,104003,104004,104005,104006,104007,104008,104009,104010,104011,104012,104013,104014,104015,104016,104017,104018,104019,104020,104021,104022,104023,104024,104025,104026,104027,104028,104029,104030,104031,104032,104033,104034,104035,104036,104037,104038,104039,104040,104041,104042,104043,104044,104045,104046,104047,104048,104049,104050,104051,104052,104053,104054,104055,104056,104057,104058,104059,104060,104061,104062,104063,104064,104065,104066,104067,104068,104069,104070,104071,104072,104073,104074,104075,104076,104077,104078,104079,104080,104081,104082,104083,104084,104085,104086,104087,104088,104089,104090,104091,104092,104093,104094,104095,104096,104097,104098,104099,104100}
e.indexData['index_1']['5']={105000,105001,105002,105003,105004,105005,105006,105007,105008,105009,105010,105011,105012,105013,105014,105015,105016,105017,105018,105019,105020,105021,105022,105023,105024,105025,105026,105027,105028,105029,105030,105031,105032,105033,105034,105035,105036,105037,105038,105039,105040,105041,105042,105043,105044,105045,105046,105047,105048,105049,105050,105051,105052,105053,105054,105055,105056,105057,105058,105059,105060,105061,105062,105063,105064,105065,105066,105067,105068,105069,105070,105071,105072,105073,105074,105075,105076,105077,105078,105079,105080,105081,105082,105083,105084,105085,105086,105087,105088,105089,105090,105091,105092,105093,105094,105095,105096,105097,105098,105099,105100}
e.indexData['index_1']['6']={106000,106001,106002,106003,106004,106005,106006,106007,106008,106009,106010,106011,106012,106013,106014,106015,106016,106017,106018,106019,106020,106021,106022,106023,106024,106025,106026,106027,106028,106029,106030,106031,106032,106033,106034,106035,106036,106037,106038,106039,106040,106041,106042,106043,106044,106045,106046,106047,106048,106049,106050,106051,106052,106053,106054,106055,106056,106057,106058,106059,106060,106061,106062,106063,106064,106065,106066,106067,106068,106069,106070,106071,106072,106073,106074,106075,106076,106077,106078,106079,106080,106081,106082,106083,106084,106085,106086,106087,106088,106089,106090,106091,106092,106093,106094,106095,106096,106097,106098,106099,106100}
e.indexData['index_1']['7']={107000,107001,107002,107003,107004,107005,107006,107007,107008,107009,107010,107011,107012,107013,107014,107015,107016,107017,107018,107019,107020,107021,107022,107023,107024,107025,107026,107027,107028,107029,107030,107031,107032,107033,107034,107035,107036,107037,107038,107039,107040,107041,107042,107043,107044,107045,107046,107047,107048,107049,107050,107051,107052,107053,107054,107055,107056,107057,107058,107059,107060,107061,107062,107063,107064,107065,107066,107067,107068,107069,107070,107071,107072,107073,107074,107075,107076,107077,107078,107079,107080,107081,107082,107083,107084,107085,107086,107087,107088,107089,107090,107091,107092,107093,107094,107095,107096,107097,107098,107099,107100}
e.indexData['index_1']['8']={108000,108001,108002,108003,108004,108005,108006,108007,108008,108009,108010,108011,108012,108013,108014,108015,108016,108017,108018,108019,108020,108021,108022,108023,108024,108025,108026,108027,108028,108029,108030,108031,108032,108033,108034,108035,108036,108037,108038,108039,108040,108041,108042,108043,108044,108045,108046,108047,108048,108049,108050,108051,108052,108053,108054,108055,108056,108057,108058,108059,108060,108061,108062,108063,108064,108065,108066,108067,108068,108069,108070,108071,108072,108073,108074,108075,108076,108077,108078,108079,108080,108081,108082,108083,108084,108085,108086,108087,108088,108089,108090,108091,108092,108093,108094,108095,108096,108097,108098,108099,108100}
e.indexData['index_1']['9']={109000,109001,109002,109003,109004,109005,109006,109007,109008,109009,109010,109011,109012,109013,109014,109015,109016,109017,109018,109019,109020,109021,109022,109023,109024,109025,109026,109027,109028,109029,109030,109031,109032,109033,109034,109035,109036,109037,109038,109039,109040,109041,109042,109043,109044,109045,109046,109047,109048,109049,109050,109051,109052,109053,109054,109055,109056,109057,109058,109059,109060,109061,109062,109063,109064,109065,109066,109067,109068,109069,109070,109071,109072,109073,109074,109075,109076,109077,109078,109079,109080,109081,109082,109083,109084,109085,109086,109087,109088,109089,109090,109091,109092,109093,109094,109095,109096,109097,109098,109099,109100}
end
function e.GetByIndex(t,a)
if e.indexData[t]and e.indexData[t][a]then
return e.indexData[t][a]
else
return{}
end
end
return e

