local e=
{
ByIdx={
{1,10,2,0,0,0,1},
{2,15,3,0,0,0,2},
{3,20,1,1,0,0,1},
{4,25,2,1,0,0,2},
{5,30,2,1,0,0,2},
{6,35,2,1,0,0,2},
{7,40,1,2,0,0,2},
{8,45,1,2,0,0,2},
{9,50,1,2,0,0,2},
{10,55,1,2,0,0,2},
{11,60,1,1,1,0,2},
{12,65,1,1,1,0,2},
{13,70,1,1,1,0,2},
{14,75,0,2,1,0,2},
{15,80,0,2,1,0,2},
{16,85,0,2,1,0,2},
{17,90,0,2,1,0,2},
{18,95,0,2,1,0,2},
{19,100,0,2,1,0,2},
{20,105,0,2,1,0,2},
{21,110,0,2,1,0,2},
{22,115,0,2,1,0,2},
{23,120,0,1,2,0,2},
{24,125,0,1,2,0,2},
{25,130,0,1,2,0,2},
{26,135,0,1,2,0,2},
{27,140,0,1,2,0,2},
{28,145,0,1,2,0,2},
{29,150,0,1,2,0,2},
{30,155,0,1,2,0,2},
{31,160,0,1,2,0,2},
{32,165,0,1,2,0,2},
{33,170,0,1,2,0,2},
{34,175,0,1,2,0,2},
{35,180,0,1,2,0,2},
{36,185,0,1,2,0,2},
{37,190,0,1,2,0,2},
{38,195,0,1,2,0,2},
{39,200,0,0,3,0,2},
{40,205,0,0,3,0,2},
{41,210,0,0,3,0,2},
{42,215,0,0,3,0,2},
{43,220,0,0,3,0,2},
{44,225,0,0,3,0,2},
{45,230,0,0,3,0,2},
{46,235,0,0,3,0,2},
{47,240,0,0,3,0,2},
{48,245,0,0,3,0,2},
{49,250,0,0,3,0,2},
{50,255,0,0,3,0,2},
{51,260,0,0,3,0,2},
{52,265,0,0,3,0,2},
{53,270,0,0,3,0,2},
{54,275,0,0,3,0,2},
{55,280,0,0,3,0,2},
{56,285,0,0,3,0,2},
{57,290,0,0,3,0,2},
{58,295,0,0,3,0,2},
{59,300,0,0,3,0,2},
{60,305,0,0,3,0,2},
{61,310,0,0,3,0,2},
{62,315,0,0,3,0,2},
{63,320,0,0,3,0,2},
{64,325,0,0,3,0,2},
{65,330,0,0,3,0,2},
{66,335,0,0,3,0,2},
{67,340,0,0,3,0,2},
{68,345,0,0,3,0,2},
{69,350,0,0,3,0,2},
{70,355,0,0,3,0,2},
{71,360,0,0,3,0,2},
{72,365,0,0,3,0,2},
{73,370,0,0,3,0,2},
{74,375,0,0,3,0,2},
{75,380,0,0,3,0,2},
{76,385,0,0,3,0,2},
{77,390,0,0,3,0,2},
{78,395,0,0,3,0,2},
{79,400,0,0,3,0,2},
{80,405,0,0,3,0,2},
{81,410,0,0,3,0,2},
{82,415,0,0,3,0,2},
{83,420,0,0,3,0,2},
{84,425,0,0,3,0,2},
{85,430,0,0,3,0,2},
{86,435,0,0,3,0,2},
{87,440,0,0,3,0,2},
{88,445,0,0,3,0,2},
{89,450,0,0,3,0,2},
{90,455,0,0,3,0,2},
{91,460,0,0,3,0,2},
{92,465,0,0,3,0,2},
{93,470,0,0,3,0,2},
{94,475,0,0,3,0,2},
{95,480,0,0,3,0,2},
{96,485,0,0,3,0,2},
{97,490,0,0,3,0,2},
{98,495,0,0,3,0,2},
{99,500,0,0,3,0,2},
{100,9999,0,0,3,3,3}
},
Len=100
}
return e 
