local e=
{
ByIdx={
{1,{404,403,402,401,400,199,198,197,196,195,194,193,192,191,190,30,82,83,93,94,99,104,155,156,171,172,182,183,184,185,186,187,188,189}},
{2,{171}},
{3,{30,82,83,93,94,99,104,155,156,171,172,182,183,184}},
{4,{407,406,405,404,403,402,401,400,199,198,197,196,195,194,193,192,191,190,30,82,83,93,94,99,104,155,156,171,172,182,183,184,185,186,187,188,189}},
{5,{30}},
{6,{184}},
{7,{104}},
{8,{190,30,82,83,93,94,99,104,155,156,171,172,182,183,184,185,186,187,188,189}},
{9,{30,82,83,93,94,99,104,155,156,171,172,182}},
{10,{82,83,93,94,99,104,155,156,30}},
{11,{30,82,83,93,94,99,104,155,156,171,172,182,183,184,185,186,187,188}},
{12,{403,30,82,83,93,94,99,104,155,156,171,172,182,183,184,185,186,187,188,189,190,191,192,193,194,195,196,197,198,199,400,401,402}},
{13,{30,82,83,93,94,99,104,155,156,171,172,182,183,184,185,186,187,188,189,190,191,192,193,194,195,196,197}},
{14,{30,82,83,93,94,99,104,155,156,171,172,182,183,184,185}},
{15,{30,82,83,93,94,99,104,155,156,171,172,182,183,184,185,186,187}},
{16,{190,30,82,83,93,94,99,104,155,156,171,172,182,183,184,185,186,187,188,189,190,191}},
{17,{400,199,198,197,196,195,194,193,192,191,190,189,30,82,83,93,94,99,104,155,156,171,172,182,183,184,185,186,187,188}},
{18,{30,80,82,83,93,94,99,104,155,156,171,172,182,183,184,185,186,187,188,189,190,191,192,193,194,195,196,197,198,199,400}}
},
Len=18
}
return e 
