local e=
{
ByIdx={
{50001,1,5,0,63,80,95},
{50002,2,5,0,96,86,190},
{50003,3,5,0,129,92,285},
{50004,4,5,0,163,98,380},
{50005,5,5,0,196,104,475},
{50006,6,5,0,229,110,570},
{50007,7,5,0,263,116,665},
{50008,8,5,0,296,122,760},
{50009,9,5,0,329,128,855},
{50010,10,5,0,363,134,950},
{50011,11,5,0,396,140,1045},
{50012,12,5,0,429,146,1140},
{50013,13,5,0,463,152,1235},
{50014,14,5,0,496,158,1330},
{50015,15,5,0,529,164,1425},
{50016,16,5,0,563,170,1520},
{50017,17,5,0,596,176,1615},
{50018,18,5,0,629,182,1710},
{50019,19,5,0,663,188,1805},
{50020,20,5,0,696,194,1900},
{50021,21,5,0,729,200,1995},
{50022,22,5,0,763,206,2090},
{50023,23,5,0,796,212,2185},
{50024,24,5,0,829,218,2280},
{50025,25,5,0,863,224,2375},
{50026,26,5,0,896,230,2470},
{50027,27,5,0,929,236,2565},
{50028,28,5,0,963,242,2660},
{50029,29,5,0,996,248,2755},
{50030,30,5,0,1029,254,2850},
{50031,31,5,0,1063,260,2945},
{50032,32,5,0,1096,266,3040},
{50033,33,5,0,1129,272,3135},
{50034,34,5,0,1163,278,3230},
{50035,35,5,0,1196,284,3325},
{50036,36,5,0,1229,290,3420},
{50037,37,5,0,1263,296,3515},
{50038,38,5,0,1296,302,3610},
{50039,39,5,0,1329,308,3705},
{50040,40,5,0,1363,314,3800},
{50041,41,5,0,1396,320,3895},
{50042,42,5,0,1429,326,3990},
{50043,43,5,0,1463,332,4085},
{50044,44,5,0,1496,338,4180},
{50045,45,5,0,1529,344,4275},
{50046,46,5,0,1563,350,4370},
{50047,47,5,0,1596,356,4465},
{50048,48,5,0,1629,362,4560},
{50049,49,5,0,1663,368,4655},
{50050,50,5,0,1696,374,4750},
{50051,51,5,0,1729,380,4845},
{50052,52,5,0,1763,386,4940},
{50053,53,5,0,1796,392,5035},
{50054,54,5,0,1829,398,5130},
{50055,55,5,0,1863,404,5225},
{50056,56,5,0,1896,410,5320},
{50057,57,5,0,1929,416,5415},
{50058,58,5,0,1963,422,5510},
{50059,59,5,0,1996,428,5605},
{50060,60,5,0,2029,434,5700},
{50061,61,5,0,2063,440,5795},
{50062,62,5,0,2096,446,5890},
{50063,63,5,0,2129,452,5985},
{50064,64,5,0,2163,458,6080},
{50065,65,5,0,2196,464,6175},
{50066,66,5,0,2229,470,6270},
{50067,67,5,0,2263,476,6365},
{50068,68,5,0,2296,482,6460},
{50069,69,5,0,2329,488,6555},
{50070,70,5,0,2363,494,6650},
{50071,71,5,0,2396,500,6745},
{50072,72,5,0,2429,506,6840},
{50073,73,5,0,2463,512,6935},
{50074,74,5,0,2496,518,7030},
{50075,75,5,0,2529,524,7125},
{50076,76,5,0,2563,530,7220},
{50077,77,5,0,2596,536,7315},
{50078,78,5,0,2629,542,7410},
{50079,79,5,0,2663,548,7505},
{50080,80,5,0,2696,554,7600},
{50081,81,5,0,2729,560,7695},
{50082,82,5,0,2763,566,7790},
{50083,83,5,0,2796,572,7885},
{50084,84,5,0,2829,578,7980},
{50085,85,5,0,2863,584,8075},
{50086,86,5,0,2896,590,8170},
{50087,87,5,0,2929,596,8265},
{50088,88,5,0,2963,602,8360},
{50089,89,5,0,2996,608,8455},
{50090,90,5,0,3029,614,8550},
{50091,91,5,0,3063,620,8645},
{50092,92,5,0,3096,626,8740},
{50093,93,5,0,3129,632,8835},
{50094,94,5,0,3163,638,8930},
{50095,95,5,0,3196,644,9025},
{50096,96,5,0,3229,650,9120},
{50097,97,5,0,3263,656,9215},
{50098,98,5,0,3296,662,9310},
{50099,99,5,0,3329,668,9405},
{50100,100,5,0,3363,674,9500},
{50101,101,5,0,3397,680,9595},
{50102,102,5,0,3431,686,9690},
{50103,103,5,0,3465,692,9785},
{50104,104,5,0,3499,698,9880},
{50105,105,5,0,3533,704,9975},
{50106,106,5,0,3567,710,10070},
{50107,107,5,0,3601,716,10165},
{50108,108,5,0,3635,722,10260},
{50109,109,5,0,3669,728,10355},
{50110,110,5,0,3703,734,10450},
{50111,111,5,0,3737,740,10545},
{50112,112,5,0,3771,746,10640},
{50113,113,5,0,3805,752,10735},
{50114,114,5,0,3839,758,10830},
{50115,115,5,0,3873,764,10925},
{50116,116,5,0,3907,770,11020},
{50117,117,5,0,3941,776,11115},
{50118,118,5,0,3975,782,11210},
{50119,119,5,0,4009,788,11305},
{50120,120,5,0,4043,794,11400},
{50121,121,5,0,4077,800,11495},
{50122,122,5,0,4111,806,11590},
{50123,123,5,0,4145,812,11685},
{50124,124,5,0,4179,818,11780},
{50125,125,5,0,4213,824,11875},
{50126,126,5,0,4247,830,11970},
{50127,127,5,0,4281,836,12065},
{50128,128,5,0,4315,842,12160},
{50129,129,5,0,4349,848,12255},
{50130,130,5,0,4383,854,12350},
{50131,131,5,0,4417,860,12445},
{50132,132,5,0,4451,866,12540},
{50133,133,5,0,4485,872,12635},
{50134,134,5,0,4519,878,12730},
{50135,135,5,0,4553,884,12825},
{50136,136,5,0,4587,890,12920},
{50137,137,5,0,4621,896,13015},
{50138,138,5,0,4655,902,13110},
{50139,139,5,0,4689,908,13205},
{50140,140,5,0,4723,914,13300},
{50141,141,5,0,4757,920,13395},
{50142,142,5,0,4791,926,13490},
{50143,143,5,0,4825,932,13585},
{50144,144,5,0,4859,938,13680},
{50145,145,5,0,4893,944,13775},
{50146,146,5,0,4927,950,13870},
{50147,147,5,0,4961,956,13965},
{50148,148,5,0,4995,962,14060},
{50149,149,5,0,5029,968,14155},
{50150,150,5,0,5063,974,14250},
{50151,151,5,0,5097,980,14345},
{50152,152,5,0,5131,986,14440},
{50153,153,5,0,5165,992,14535},
{50154,154,5,0,5199,998,14630},
{50155,155,5,0,5233,1004,14725},
{50156,156,5,0,5267,1010,14820},
{50157,157,5,0,5301,1016,14915},
{50158,158,5,0,5335,1022,15010},
{50159,159,5,0,5369,1028,15105},
{50160,160,5,0,5403,1034,15200},
{50161,161,5,0,5437,1040,15295},
{50162,162,5,0,5471,1046,15390},
{50163,163,5,0,5505,1052,15485},
{50164,164,5,0,5539,1058,15580},
{50165,165,5,0,5573,1064,15675},
{50166,166,5,0,5607,1070,15770},
{50167,167,5,0,5641,1076,15865},
{50168,168,5,0,5675,1082,15960},
{50169,169,5,0,5709,1088,16055},
{50170,170,5,0,5743,1094,16150},
{50171,171,5,0,5777,1100,16245},
{50172,172,5,0,5811,1106,16340},
{50173,173,5,0,5845,1112,16435},
{50174,174,5,0,5879,1118,16530},
{50175,175,5,0,5913,1124,16625},
{50176,176,5,0,5947,1130,16720},
{50177,177,5,0,5981,1136,16815},
{50178,178,5,0,6015,1142,16910},
{50179,179,5,0,6049,1148,17005},
{50180,180,5,0,6083,1154,17100},
{50181,181,5,0,6117,1160,17195},
{50182,182,5,0,6151,1166,17290},
{50183,183,5,0,6185,1172,17385},
{50184,184,5,0,6219,1178,17480},
{50185,185,5,0,6253,1184,17575},
{50186,186,5,0,6287,1190,17670},
{50187,187,5,0,6321,1196,17765},
{50188,188,5,0,6355,1202,17860},
{50189,189,5,0,6389,1208,17955},
{50190,190,5,0,6423,1214,18050},
{50191,191,5,0,6457,1220,18145},
{50192,192,5,0,6491,1226,18240},
{50193,193,5,0,6525,1232,18335},
{50194,194,5,0,6559,1238,18430},
{50195,195,5,0,6593,1244,18525},
{50196,196,5,0,6627,1250,18620},
{50197,197,5,0,6661,1256,18715},
{50198,198,5,0,6695,1262,18810},
{50199,199,5,0,6729,1268,18905},
{50200,200,5,0,6763,1274,19000},
{40001,1,4,0,38,80,95},
{40002,2,4,0,58,86,190},
{40003,3,4,0,78,92,285},
{40004,4,4,0,98,98,380},
{40005,5,4,0,118,104,475},
{40006,6,4,0,138,110,570},
{40007,7,4,0,158,116,665},
{40008,8,4,0,178,122,760},
{40009,9,4,0,198,128,855},
{40010,10,4,0,218,134,950},
{40011,11,4,0,238,140,1045},
{40012,12,4,0,258,146,1140},
{40013,13,4,0,278,152,1235},
{40014,14,4,0,298,158,1330},
{40015,15,4,0,318,164,1425},
{40016,16,4,0,338,170,1520},
{40017,17,4,0,358,176,1615},
{40018,18,4,0,378,182,1710},
{40019,19,4,0,398,188,1805},
{40020,20,4,0,418,194,1900},
{40021,21,4,0,438,200,1995},
{40022,22,4,0,458,206,2090},
{40023,23,4,0,478,212,2185},
{40024,24,4,0,498,218,2280},
{40025,25,4,0,518,224,2375},
{40026,26,4,0,538,230,2470},
{40027,27,4,0,558,236,2565},
{40028,28,4,0,578,242,2660},
{40029,29,4,0,598,248,2755},
{40030,30,4,0,618,254,2850},
{40031,31,4,0,638,260,2945},
{40032,32,4,0,658,266,3040},
{40033,33,4,0,678,272,3135},
{40034,34,4,0,698,278,3230},
{40035,35,4,0,718,284,3325},
{40036,36,4,0,738,290,3420},
{40037,37,4,0,758,296,3515},
{40038,38,4,0,778,302,3610},
{40039,39,4,0,798,308,3705},
{40040,40,4,0,818,314,3800},
{40041,41,4,0,838,320,3895},
{40042,42,4,0,858,326,3990},
{40043,43,4,0,878,332,4085},
{40044,44,4,0,898,338,4180},
{40045,45,4,0,918,344,4275},
{40046,46,4,0,938,350,4370},
{40047,47,4,0,958,356,4465},
{40048,48,4,0,978,362,4560},
{40049,49,4,0,998,368,4655},
{40050,50,4,0,1018,374,4750},
{40051,51,4,0,1038,380,4845},
{40052,52,4,0,1058,386,4940},
{40053,53,4,0,1078,392,5035},
{40054,54,4,0,1098,398,5130},
{40055,55,4,0,1118,404,5225},
{40056,56,4,0,1138,410,5320},
{40057,57,4,0,1158,416,5415},
{40058,58,4,0,1178,422,5510},
{40059,59,4,0,1198,428,5605},
{40060,60,4,0,1218,434,5700},
{40061,61,4,0,1238,440,5795},
{40062,62,4,0,1258,446,5890},
{40063,63,4,0,1278,452,5985},
{40064,64,4,0,1298,458,6080},
{40065,65,4,0,1318,464,6175},
{40066,66,4,0,1338,470,6270},
{40067,67,4,0,1358,476,6365},
{40068,68,4,0,1378,482,6460},
{40069,69,4,0,1398,488,6555},
{40070,70,4,0,1418,494,6650},
{40071,71,4,0,1438,500,6745},
{40072,72,4,0,1458,506,6840},
{40073,73,4,0,1478,512,6935},
{40074,74,4,0,1498,518,7030},
{40075,75,4,0,1518,524,7125},
{40076,76,4,0,1538,530,7220},
{40077,77,4,0,1558,536,7315},
{40078,78,4,0,1578,542,7410},
{40079,79,4,0,1598,548,7505},
{40080,80,4,0,1618,554,7600},
{40081,81,4,0,1638,560,7695},
{40082,82,4,0,1658,566,7790},
{40083,83,4,0,1678,572,7885},
{40084,84,4,0,1698,578,7980},
{40085,85,4,0,1718,584,8075},
{40086,86,4,0,1738,590,8170},
{40087,87,4,0,1758,596,8265},
{40088,88,4,0,1778,602,8360},
{40089,89,4,0,1798,608,8455},
{40090,90,4,0,1818,614,8550},
{40091,91,4,0,1838,620,8645},
{40092,92,4,0,1858,626,8740},
{40093,93,4,0,1878,632,8835},
{40094,94,4,0,1898,638,8930},
{40095,95,4,0,1918,644,9025},
{40096,96,4,0,1938,650,9120},
{40097,97,4,0,1958,656,9215},
{40098,98,4,0,1978,662,9310},
{40099,99,4,0,1998,668,9405},
{40100,100,4,0,2018,674,9500},
{40101,101,4,0,2038,680,9595},
{40102,102,4,0,2058,686,9690},
{40103,103,4,0,2078,692,9785},
{40104,104,4,0,2098,698,9880},
{40105,105,4,0,2118,704,9975},
{40106,106,4,0,2138,710,10070},
{40107,107,4,0,2158,716,10165},
{40108,108,4,0,2178,722,10260},
{40109,109,4,0,2198,728,10355},
{40110,110,4,0,2218,734,10450},
{40111,111,4,0,2238,740,10545},
{40112,112,4,0,2258,746,10640},
{40113,113,4,0,2278,752,10735},
{40114,114,4,0,2298,758,10830},
{40115,115,4,0,2318,764,10925},
{40116,116,4,0,2338,770,11020},
{40117,117,4,0,2358,776,11115},
{40118,118,4,0,2378,782,11210},
{40119,119,4,0,2398,788,11305},
{40120,120,4,0,2418,794,11400},
{40121,121,4,0,2438,800,11495},
{40122,122,4,0,2458,806,11590},
{40123,123,4,0,2478,812,11685},
{40124,124,4,0,2498,818,11780},
{40125,125,4,0,2518,824,11875},
{40126,126,4,0,2538,830,11970},
{40127,127,4,0,2558,836,12065},
{40128,128,4,0,2578,842,12160},
{40129,129,4,0,2598,848,12255},
{40130,130,4,0,2618,854,12350},
{40131,131,4,0,2638,860,12445},
{40132,132,4,0,2658,866,12540},
{40133,133,4,0,2678,872,12635},
{40134,134,4,0,2698,878,12730},
{40135,135,4,0,2718,884,12825},
{40136,136,4,0,2738,890,12920},
{40137,137,4,0,2758,896,13015},
{40138,138,4,0,2778,902,13110},
{40139,139,4,0,2798,908,13205},
{40140,140,4,0,2818,914,13300},
{40141,141,4,0,2838,920,13395},
{40142,142,4,0,2858,926,13490},
{40143,143,4,0,2878,932,13585},
{40144,144,4,0,2898,938,13680},
{40145,145,4,0,2918,944,13775},
{40146,146,4,0,2938,950,13870},
{40147,147,4,0,2958,956,13965},
{40148,148,4,0,2978,962,14060},
{40149,149,4,0,2998,968,14155},
{40150,150,4,0,3018,974,14250},
{40151,151,4,0,3038,980,14345},
{40152,152,4,0,3058,986,14440},
{40153,153,4,0,3078,992,14535},
{40154,154,4,0,3098,998,14630},
{40155,155,4,0,3118,1004,14725},
{40156,156,4,0,3138,1010,14820},
{40157,157,4,0,3158,1016,14915},
{40158,158,4,0,3178,1022,15010},
{40159,159,4,0,3198,1028,15105},
{40160,160,4,0,3218,1034,15200},
{40161,161,4,0,3238,1040,15295},
{40162,162,4,0,3258,1046,15390},
{40163,163,4,0,3278,1052,15485},
{40164,164,4,0,3298,1058,15580},
{40165,165,4,0,3318,1064,15675},
{40166,166,4,0,3338,1070,15770},
{40167,167,4,0,3358,1076,15865},
{40168,168,4,0,3378,1082,15960},
{40169,169,4,0,3398,1088,16055},
{40170,170,4,0,3418,1094,16150},
{40171,171,4,0,3438,1100,16245},
{40172,172,4,0,3458,1106,16340},
{40173,173,4,0,3478,1112,16435},
{40174,174,4,0,3498,1118,16530},
{40175,175,4,0,3518,1124,16625},
{40176,176,4,0,3538,1130,16720},
{40177,177,4,0,3558,1136,16815},
{40178,178,4,0,3578,1142,16910},
{40179,179,4,0,3598,1148,17005},
{40180,180,4,0,3618,1154,17100},
{40181,181,4,0,3638,1160,17195},
{40182,182,4,0,3658,1166,17290},
{40183,183,4,0,3678,1172,17385},
{40184,184,4,0,3698,1178,17480},
{40185,185,4,0,3718,1184,17575},
{40186,186,4,0,3738,1190,17670},
{40187,187,4,0,3758,1196,17765},
{40188,188,4,0,3778,1202,17860},
{40189,189,4,0,3798,1208,17955},
{40190,190,4,0,3818,1214,18050},
{40191,191,4,0,3838,1220,18145},
{40192,192,4,0,3858,1226,18240},
{40193,193,4,0,3878,1232,18335},
{40194,194,4,0,3898,1238,18430},
{40195,195,4,0,3918,1244,18525},
{40196,196,4,0,3938,1250,18620},
{40197,197,4,0,3958,1256,18715},
{40198,198,4,0,3978,1262,18810},
{40199,199,4,0,3998,1268,18905},
{40200,200,4,0,4018,1274,19000},
{30001,1,3,0,25,80,95},
{30002,2,3,0,39,86,190},
{30003,3,3,0,52,92,285},
{30004,4,3,0,65,98,380},
{30005,5,3,0,79,104,475},
{30006,6,3,0,92,110,570},
{30007,7,3,0,105,116,665},
{30008,8,3,0,119,122,760},
{30009,9,3,0,132,128,855},
{30010,10,3,0,145,134,950},
{30011,11,3,0,159,140,1045},
{30012,12,3,0,172,146,1140},
{30013,13,3,0,185,152,1235},
{30014,14,3,0,199,158,1330},
{30015,15,3,0,212,164,1425},
{30016,16,3,0,225,170,1520},
{30017,17,3,0,239,176,1615},
{30018,18,3,0,252,182,1710},
{30019,19,3,0,265,188,1805},
{30020,20,3,0,279,194,1900},
{30021,21,3,0,292,200,1995},
{30022,22,3,0,305,206,2090},
{30023,23,3,0,319,212,2185},
{30024,24,3,0,332,218,2280},
{30025,25,3,0,345,224,2375},
{30026,26,3,0,359,230,2470},
{30027,27,3,0,372,236,2565},
{30028,28,3,0,385,242,2660},
{30029,29,3,0,399,248,2755},
{30030,30,3,0,412,254,2850},
{30031,31,3,0,425,260,2945},
{30032,32,3,0,439,266,3040},
{30033,33,3,0,452,272,3135},
{30034,34,3,0,465,278,3230},
{30035,35,3,0,479,284,3325},
{30036,36,3,0,492,290,3420},
{30037,37,3,0,505,296,3515},
{30038,38,3,0,519,302,3610},
{30039,39,3,0,532,308,3705},
{30040,40,3,0,545,314,3800},
{30041,41,3,0,559,320,3895},
{30042,42,3,0,572,326,3990},
{30043,43,3,0,585,332,4085},
{30044,44,3,0,599,338,4180},
{30045,45,3,0,612,344,4275},
{30046,46,3,0,625,350,4370},
{30047,47,3,0,639,356,4465},
{30048,48,3,0,652,362,4560},
{30049,49,3,0,665,368,4655},
{30050,50,3,0,679,374,4750},
{30051,51,3,0,692,380,4845},
{30052,52,3,0,705,386,4940},
{30053,53,3,0,719,392,5035},
{30054,54,3,0,732,398,5130},
{30055,55,3,0,745,404,5225},
{30056,56,3,0,759,410,5320},
{30057,57,3,0,772,416,5415},
{30058,58,3,0,785,422,5510},
{30059,59,3,0,799,428,5605},
{30060,60,3,0,812,434,5700},
{30061,61,3,0,825,440,5795},
{30062,62,3,0,839,446,5890},
{30063,63,3,0,852,452,5985},
{30064,64,3,0,865,458,6080},
{30065,65,3,0,879,464,6175},
{30066,66,3,0,892,470,6270},
{30067,67,3,0,905,476,6365},
{30068,68,3,0,919,482,6460},
{30069,69,3,0,932,488,6555},
{30070,70,3,0,945,494,6650},
{30071,71,3,0,959,500,6745},
{30072,72,3,0,972,506,6840},
{30073,73,3,0,985,512,6935},
{30074,74,3,0,999,518,7030},
{30075,75,3,0,1012,524,7125},
{30076,76,3,0,1025,530,7220},
{30077,77,3,0,1039,536,7315},
{30078,78,3,0,1052,542,7410},
{30079,79,3,0,1065,548,7505},
{30080,80,3,0,1079,554,7600},
{30081,81,3,0,1092,560,7695},
{30082,82,3,0,1105,566,7790},
{30083,83,3,0,1119,572,7885},
{30084,84,3,0,1132,578,7980},
{30085,85,3,0,1145,584,8075},
{30086,86,3,0,1159,590,8170},
{30087,87,3,0,1172,596,8265},
{30088,88,3,0,1185,602,8360},
{30089,89,3,0,1199,608,8455},
{30090,90,3,0,1212,614,8550},
{30091,91,3,0,1225,620,8645},
{30092,92,3,0,1239,626,8740},
{30093,93,3,0,1252,632,8835},
{30094,94,3,0,1265,638,8930},
{30095,95,3,0,1279,644,9025},
{30096,96,3,0,1292,650,9120},
{30097,97,3,0,1305,656,9215},
{30098,98,3,0,1319,662,9310},
{30099,99,3,0,1332,668,9405},
{30100,100,3,0,1345,674,9500},
{30101,101,3,0,1358,680,9595},
{30102,102,3,0,1371,686,9690},
{30103,103,3,0,1384,692,9785},
{30104,104,3,0,1397,698,9880},
{30105,105,3,0,1410,704,9975},
{30106,106,3,0,1423,710,10070},
{30107,107,3,0,1436,716,10165},
{30108,108,3,0,1449,722,10260},
{30109,109,3,0,1462,728,10355},
{30110,110,3,0,1475,734,10450},
{30111,111,3,0,1488,740,10545},
{30112,112,3,0,1501,746,10640},
{30113,113,3,0,1514,752,10735},
{30114,114,3,0,1527,758,10830},
{30115,115,3,0,1540,764,10925},
{30116,116,3,0,1553,770,11020},
{30117,117,3,0,1566,776,11115},
{30118,118,3,0,1579,782,11210},
{30119,119,3,0,1592,788,11305},
{30120,120,3,0,1605,794,11400},
{30121,121,3,0,1618,800,11495},
{30122,122,3,0,1631,806,11590},
{30123,123,3,0,1644,812,11685},
{30124,124,3,0,1657,818,11780},
{30125,125,3,0,1670,824,11875},
{30126,126,3,0,1683,830,11970},
{30127,127,3,0,1696,836,12065},
{30128,128,3,0,1709,842,12160},
{30129,129,3,0,1722,848,12255},
{30130,130,3,0,1735,854,12350},
{30131,131,3,0,1748,860,12445},
{30132,132,3,0,1761,866,12540},
{30133,133,3,0,1774,872,12635},
{30134,134,3,0,1787,878,12730},
{30135,135,3,0,1800,884,12825},
{30136,136,3,0,1813,890,12920},
{30137,137,3,0,1826,896,13015},
{30138,138,3,0,1839,902,13110},
{30139,139,3,0,1852,908,13205},
{30140,140,3,0,1865,914,13300},
{30141,141,3,0,1878,920,13395},
{30142,142,3,0,1891,926,13490},
{30143,143,3,0,1904,932,13585},
{30144,144,3,0,1917,938,13680},
{30145,145,3,0,1930,944,13775},
{30146,146,3,0,1943,950,13870},
{30147,147,3,0,1956,956,13965},
{30148,148,3,0,1969,962,14060},
{30149,149,3,0,1982,968,14155},
{30150,150,3,0,1995,974,14250},
{30151,151,3,0,2008,980,14345},
{30152,152,3,0,2021,986,14440},
{30153,153,3,0,2034,992,14535},
{30154,154,3,0,2047,998,14630},
{30155,155,3,0,2060,1004,14725},
{30156,156,3,0,2073,1010,14820},
{30157,157,3,0,2086,1016,14915},
{30158,158,3,0,2099,1022,15010},
{30159,159,3,0,2112,1028,15105},
{30160,160,3,0,2125,1034,15200},
{30161,161,3,0,2138,1040,15295},
{30162,162,3,0,2151,1046,15390},
{30163,163,3,0,2164,1052,15485},
{30164,164,3,0,2177,1058,15580},
{30165,165,3,0,2190,1064,15675},
{30166,166,3,0,2203,1070,15770},
{30167,167,3,0,2216,1076,15865},
{30168,168,3,0,2229,1082,15960},
{30169,169,3,0,2242,1088,16055},
{30170,170,3,0,2255,1094,16150},
{30171,171,3,0,2268,1100,16245},
{30172,172,3,0,2281,1106,16340},
{30173,173,3,0,2294,1112,16435},
{30174,174,3,0,2307,1118,16530},
{30175,175,3,0,2320,1124,16625},
{30176,176,3,0,2333,1130,16720},
{30177,177,3,0,2346,1136,16815},
{30178,178,3,0,2359,1142,16910},
{30179,179,3,0,2372,1148,17005},
{30180,180,3,0,2385,1154,17100},
{30181,181,3,0,2398,1160,17195},
{30182,182,3,0,2411,1166,17290},
{30183,183,3,0,2424,1172,17385},
{30184,184,3,0,2437,1178,17480},
{30185,185,3,0,2450,1184,17575},
{30186,186,3,0,2463,1190,17670},
{30187,187,3,0,2476,1196,17765},
{30188,188,3,0,2489,1202,17860},
{30189,189,3,0,2502,1208,17955},
{30190,190,3,0,2515,1214,18050},
{30191,191,3,0,2528,1220,18145},
{30192,192,3,0,2541,1226,18240},
{30193,193,3,0,2554,1232,18335},
{30194,194,3,0,2567,1238,18430},
{30195,195,3,0,2580,1244,18525},
{30196,196,3,0,2593,1250,18620},
{30197,197,3,0,2606,1256,18715},
{30198,198,3,0,2619,1262,18810},
{30199,199,3,0,2632,1268,18905},
{30200,200,3,0,2645,1274,19000},
{20001,1,2,0,20,80,95},
{20002,2,2,0,31,86,190},
{20003,3,2,0,42,92,285},
{20004,4,2,0,52,98,380},
{20005,5,2,0,63,104,475},
{20006,6,2,0,74,110,570},
{20007,7,2,0,84,116,665},
{20008,8,2,0,95,122,760},
{20009,9,2,0,106,128,855},
{20010,10,2,0,116,134,950},
{20011,11,2,0,127,140,1045},
{20012,12,2,0,138,146,1140},
{20013,13,2,0,148,152,1235},
{20014,14,2,0,159,158,1330},
{20015,15,2,0,170,164,1425},
{20016,16,2,0,180,170,1520},
{20017,17,2,0,191,176,1615},
{20018,18,2,0,202,182,1710},
{20019,19,2,0,212,188,1805},
{20020,20,2,0,223,194,1900},
{20021,21,2,0,234,200,1995},
{20022,22,2,0,244,206,2090},
{20023,23,2,0,255,212,2185},
{20024,24,2,0,266,218,2280},
{20025,25,2,0,276,224,2375},
{20026,26,2,0,287,230,2470},
{20027,27,2,0,298,236,2565},
{20028,28,2,0,308,242,2660},
{20029,29,2,0,319,248,2755},
{20030,30,2,0,330,254,2850},
{20031,31,2,0,340,260,2945},
{20032,32,2,0,351,266,3040},
{20033,33,2,0,362,272,3135},
{20034,34,2,0,372,278,3230},
{20035,35,2,0,383,284,3325},
{20036,36,2,0,394,290,3420},
{20037,37,2,0,404,296,3515},
{20038,38,2,0,415,302,3610},
{20039,39,2,0,426,308,3705},
{20040,40,2,0,436,314,3800},
{20041,41,2,0,447,320,3895},
{20042,42,2,0,458,326,3990},
{20043,43,2,0,468,332,4085},
{20044,44,2,0,479,338,4180},
{20045,45,2,0,490,344,4275},
{20046,46,2,0,500,350,4370},
{20047,47,2,0,511,356,4465},
{20048,48,2,0,522,362,4560},
{20049,49,2,0,532,368,4655},
{20050,50,2,0,543,374,4750},
{20051,51,2,0,554,380,4845},
{20052,52,2,0,564,386,4940},
{20053,53,2,0,575,392,5035},
{20054,54,2,0,586,398,5130},
{20055,55,2,0,596,404,5225},
{20056,56,2,0,607,410,5320},
{20057,57,2,0,618,416,5415},
{20058,58,2,0,628,422,5510},
{20059,59,2,0,639,428,5605},
{20060,60,2,0,650,434,5700},
{20061,61,2,0,660,440,5795},
{20062,62,2,0,671,446,5890},
{20063,63,2,0,682,452,5985},
{20064,64,2,0,692,458,6080},
{20065,65,2,0,703,464,6175},
{20066,66,2,0,714,470,6270},
{20067,67,2,0,724,476,6365},
{20068,68,2,0,735,482,6460},
{20069,69,2,0,746,488,6555},
{20070,70,2,0,756,494,6650},
{20071,71,2,0,767,500,6745},
{20072,72,2,0,778,506,6840},
{20073,73,2,0,788,512,6935},
{20074,74,2,0,799,518,7030},
{20075,75,2,0,810,524,7125},
{20076,76,2,0,820,530,7220},
{20077,77,2,0,831,536,7315},
{20078,78,2,0,842,542,7410},
{20079,79,2,0,852,548,7505},
{20080,80,2,0,863,554,7600},
{20081,81,2,0,874,560,7695},
{20082,82,2,0,884,566,7790},
{20083,83,2,0,895,572,7885},
{20084,84,2,0,906,578,7980},
{20085,85,2,0,916,584,8075},
{20086,86,2,0,927,590,8170},
{20087,87,2,0,938,596,8265},
{20088,88,2,0,948,602,8360},
{20089,89,2,0,959,608,8455},
{20090,90,2,0,970,614,8550},
{20091,91,2,0,980,620,8645},
{20092,92,2,0,991,626,8740},
{20093,93,2,0,1002,632,8835},
{20094,94,2,0,1012,638,8930},
{20095,95,2,0,1023,644,9025},
{20096,96,2,0,1034,650,9120},
{20097,97,2,0,1044,656,9215},
{20098,98,2,0,1055,662,9310},
{20099,99,2,0,1066,668,9405},
{20100,100,2,0,1076,674,9500},
{20101,101,2,0,1086,680,9595},
{20102,102,2,0,1096,686,9690},
{20103,103,2,0,1106,692,9785},
{20104,104,2,0,1116,698,9880},
{20105,105,2,0,1126,704,9975},
{20106,106,2,0,1136,710,10070},
{20107,107,2,0,1146,716,10165},
{20108,108,2,0,1156,722,10260},
{20109,109,2,0,1166,728,10355},
{20110,110,2,0,1176,734,10450},
{20111,111,2,0,1186,740,10545},
{20112,112,2,0,1196,746,10640},
{20113,113,2,0,1206,752,10735},
{20114,114,2,0,1216,758,10830},
{20115,115,2,0,1226,764,10925},
{20116,116,2,0,1236,770,11020},
{20117,117,2,0,1246,776,11115},
{20118,118,2,0,1256,782,11210},
{20119,119,2,0,1266,788,11305},
{20120,120,2,0,1276,794,11400},
{20121,121,2,0,1286,800,11495},
{20122,122,2,0,1296,806,11590},
{20123,123,2,0,1306,812,11685},
{20124,124,2,0,1316,818,11780},
{20125,125,2,0,1326,824,11875},
{20126,126,2,0,1336,830,11970},
{20127,127,2,0,1346,836,12065},
{20128,128,2,0,1356,842,12160},
{20129,129,2,0,1366,848,12255},
{20130,130,2,0,1376,854,12350},
{20131,131,2,0,1386,860,12445},
{20132,132,2,0,1396,866,12540},
{20133,133,2,0,1406,872,12635},
{20134,134,2,0,1416,878,12730},
{20135,135,2,0,1426,884,12825},
{20136,136,2,0,1436,890,12920},
{20137,137,2,0,1446,896,13015},
{20138,138,2,0,1456,902,13110},
{20139,139,2,0,1466,908,13205},
{20140,140,2,0,1476,914,13300},
{20141,141,2,0,1486,920,13395},
{20142,142,2,0,1496,926,13490},
{20143,143,2,0,1506,932,13585},
{20144,144,2,0,1516,938,13680},
{20145,145,2,0,1526,944,13775},
{20146,146,2,0,1536,950,13870},
{20147,147,2,0,1546,956,13965},
{20148,148,2,0,1556,962,14060},
{20149,149,2,0,1566,968,14155},
{20150,150,2,0,1576,974,14250},
{20151,151,2,0,1586,980,14345},
{20152,152,2,0,1596,986,14440},
{20153,153,2,0,1606,992,14535},
{20154,154,2,0,1616,998,14630},
{20155,155,2,0,1626,1004,14725},
{20156,156,2,0,1636,1010,14820},
{20157,157,2,0,1646,1016,14915},
{20158,158,2,0,1656,1022,15010},
{20159,159,2,0,1666,1028,15105},
{20160,160,2,0,1676,1034,15200},
{20161,161,2,0,1686,1040,15295},
{20162,162,2,0,1696,1046,15390},
{20163,163,2,0,1706,1052,15485},
{20164,164,2,0,1716,1058,15580},
{20165,165,2,0,1726,1064,15675},
{20166,166,2,0,1736,1070,15770},
{20167,167,2,0,1746,1076,15865},
{20168,168,2,0,1756,1082,15960},
{20169,169,2,0,1766,1088,16055},
{20170,170,2,0,1776,1094,16150},
{20171,171,2,0,1786,1100,16245},
{20172,172,2,0,1796,1106,16340},
{20173,173,2,0,1806,1112,16435},
{20174,174,2,0,1816,1118,16530},
{20175,175,2,0,1826,1124,16625},
{20176,176,2,0,1836,1130,16720},
{20177,177,2,0,1846,1136,16815},
{20178,178,2,0,1856,1142,16910},
{20179,179,2,0,1866,1148,17005},
{20180,180,2,0,1876,1154,17100},
{20181,181,2,0,1886,1160,17195},
{20182,182,2,0,1896,1166,17290},
{20183,183,2,0,1906,1172,17385},
{20184,184,2,0,1916,1178,17480},
{20185,185,2,0,1926,1184,17575},
{20186,186,2,0,1936,1190,17670},
{20187,187,2,0,1946,1196,17765},
{20188,188,2,0,1956,1202,17860},
{20189,189,2,0,1966,1208,17955},
{20190,190,2,0,1976,1214,18050},
{20191,191,2,0,1986,1220,18145},
{20192,192,2,0,1996,1226,18240},
{20193,193,2,0,2006,1232,18335},
{20194,194,2,0,2016,1238,18430},
{20195,195,2,0,2026,1244,18525},
{20196,196,2,0,2036,1250,18620},
{20197,197,2,0,2046,1256,18715},
{20198,198,2,0,2056,1262,18810},
{20199,199,2,0,2066,1268,18905},
{20200,200,2,0,2076,1274,19000},
{61001,1,6,1,101,80,95},
{61002,2,6,1,155,86,190},
{61003,3,6,1,208,92,285},
{61004,4,6,1,261,98,380},
{61005,5,6,1,315,104,475},
{61006,6,6,1,368,110,570},
{61007,7,6,1,421,116,665},
{61008,8,6,1,475,122,760},
{61009,9,6,1,528,128,855},
{61010,10,6,1,581,134,950},
{61011,11,6,1,635,140,1045},
{61012,12,6,1,688,146,1140},
{61013,13,6,1,741,152,1235},
{61014,14,6,1,795,158,1330},
{61015,15,6,1,848,164,1425},
{61016,16,6,1,901,170,1520},
{61017,17,6,1,955,176,1615},
{61018,18,6,1,1008,182,1710},
{61019,19,6,1,1061,188,1805},
{61020,20,6,1,1115,194,1900},
{61021,21,6,1,1168,200,1995},
{61022,22,6,1,1221,206,2090},
{61023,23,6,1,1275,212,2185},
{61024,24,6,1,1328,218,2280},
{61025,25,6,1,1381,224,2375},
{61026,26,6,1,1435,230,2470},
{61027,27,6,1,1488,236,2565},
{61028,28,6,1,1541,242,2660},
{61029,29,6,1,1595,248,2755},
{61030,30,6,1,1648,254,2850},
{61031,31,6,1,1701,260,2945},
{61032,32,6,1,1755,266,3040},
{61033,33,6,1,1808,272,3135},
{61034,34,6,1,1861,278,3230},
{61035,35,6,1,1915,284,3325},
{61036,36,6,1,1968,290,3420},
{61037,37,6,1,2021,296,3515},
{61038,38,6,1,2075,302,3610},
{61039,39,6,1,2128,308,3705},
{61040,40,6,1,2181,314,3800},
{61041,41,6,1,2235,320,3895},
{61042,42,6,1,2288,326,3990},
{61043,43,6,1,2341,332,4085},
{61044,44,6,1,2395,338,4180},
{61045,45,6,1,2448,344,4275},
{61046,46,6,1,2501,350,4370},
{61047,47,6,1,2555,356,4465},
{61048,48,6,1,2608,362,4560},
{61049,49,6,1,2661,368,4655},
{61050,50,6,1,2715,374,4750},
{61051,51,6,1,2768,380,4845},
{61052,52,6,1,2821,386,4940},
{61053,53,6,1,2875,392,5035},
{61054,54,6,1,2928,398,5130},
{61055,55,6,1,2981,404,5225},
{61056,56,6,1,3035,410,5320},
{61057,57,6,1,3088,416,5415},
{61058,58,6,1,3141,422,5510},
{61059,59,6,1,3195,428,5605},
{61060,60,6,1,3248,434,5700},
{61061,61,6,1,3301,440,5795},
{61062,62,6,1,3355,446,5890},
{61063,63,6,1,3408,452,5985},
{61064,64,6,1,3461,458,6080},
{61065,65,6,1,3515,464,6175},
{61066,66,6,1,3568,470,6270},
{61067,67,6,1,3621,476,6365},
{61068,68,6,1,3675,482,6460},
{61069,69,6,1,3728,488,6555},
{61070,70,6,1,3781,494,6650},
{61071,71,6,1,3835,500,6745},
{61072,72,6,1,3888,506,6840},
{61073,73,6,1,3941,512,6935},
{61074,74,6,1,3995,518,7030},
{61075,75,6,1,4048,524,7125},
{61076,76,6,1,4101,530,7220},
{61077,77,6,1,4155,536,7315},
{61078,78,6,1,4208,542,7410},
{61079,79,6,1,4261,548,7505},
{61080,80,6,1,4315,554,7600},
{61081,81,6,1,4368,560,7695},
{61082,82,6,1,4421,566,7790},
{61083,83,6,1,4475,572,7885},
{61084,84,6,1,4528,578,7980},
{61085,85,6,1,4581,584,8075},
{61086,86,6,1,4635,590,8170},
{61087,87,6,1,4688,596,8265},
{61088,88,6,1,4741,602,8360},
{61089,89,6,1,4795,608,8455},
{61090,90,6,1,4848,614,8550},
{61091,91,6,1,4901,620,8645},
{61092,92,6,1,4955,626,8740},
{61093,93,6,1,5008,632,8835},
{61094,94,6,1,5061,638,8930},
{61095,95,6,1,5115,644,9025},
{61096,96,6,1,5168,650,9120},
{61097,97,6,1,5221,656,9215},
{61098,98,6,1,5275,662,9310},
{61099,99,6,1,5328,668,9405},
{61100,100,6,1,5381,674,9500},
{61101,101,6,1,5434,680,9595},
{61102,102,6,1,5487,686,9690},
{61103,103,6,1,5540,692,9785},
{61104,104,6,1,5593,698,9880},
{61105,105,6,1,5646,704,9975},
{61106,106,6,1,5699,710,10070},
{61107,107,6,1,5752,716,10165},
{61108,108,6,1,5805,722,10260},
{61109,109,6,1,5858,728,10355},
{61110,110,6,1,5911,734,10450},
{61111,111,6,1,5964,740,10545},
{61112,112,6,1,6017,746,10640},
{61113,113,6,1,6070,752,10735},
{61114,114,6,1,6123,758,10830},
{61115,115,6,1,6176,764,10925},
{61116,116,6,1,6229,770,11020},
{61117,117,6,1,6282,776,11115},
{61118,118,6,1,6335,782,11210},
{61119,119,6,1,6388,788,11305},
{61120,120,6,1,6441,794,11400},
{61121,121,6,1,6494,800,11495},
{61122,122,6,1,6547,806,11590},
{61123,123,6,1,6600,812,11685},
{61124,124,6,1,6653,818,11780},
{61125,125,6,1,6706,824,11875},
{61126,126,6,1,6759,830,11970},
{61127,127,6,1,6812,836,12065},
{61128,128,6,1,6865,842,12160},
{61129,129,6,1,6918,848,12255},
{61130,130,6,1,6971,854,12350},
{61131,131,6,1,7024,860,12445},
{61132,132,6,1,7077,866,12540},
{61133,133,6,1,7130,872,12635},
{61134,134,6,1,7183,878,12730},
{61135,135,6,1,7236,884,12825},
{61136,136,6,1,7289,890,12920},
{61137,137,6,1,7342,896,13015},
{61138,138,6,1,7395,902,13110},
{61139,139,6,1,7448,908,13205},
{61140,140,6,1,7501,914,13300},
{61141,141,6,1,7554,920,13395},
{61142,142,6,1,7607,926,13490},
{61143,143,6,1,7660,932,13585},
{61144,144,6,1,7713,938,13680},
{61145,145,6,1,7766,944,13775},
{61146,146,6,1,7819,950,13870},
{61147,147,6,1,7872,956,13965},
{61148,148,6,1,7925,962,14060},
{61149,149,6,1,7978,968,14155},
{61150,150,6,1,8031,974,14250},
{61151,151,6,1,8084,980,14345},
{61152,152,6,1,8137,986,14440},
{61153,153,6,1,8190,992,14535},
{61154,154,6,1,8243,998,14630},
{61155,155,6,1,8296,1004,14725},
{61156,156,6,1,8349,1010,14820},
{61157,157,6,1,8402,1016,14915},
{61158,158,6,1,8455,1022,15010},
{61159,159,6,1,8508,1028,15105},
{61160,160,6,1,8561,1034,15200},
{61161,161,6,1,8614,1040,15295},
{61162,162,6,1,8667,1046,15390},
{61163,163,6,1,8720,1052,15485},
{61164,164,6,1,8773,1058,15580},
{61165,165,6,1,8826,1064,15675},
{61166,166,6,1,8879,1070,15770},
{61167,167,6,1,8932,1076,15865},
{61168,168,6,1,8985,1082,15960},
{61169,169,6,1,9038,1088,16055},
{61170,170,6,1,9091,1094,16150},
{61171,171,6,1,9144,1100,16245},
{61172,172,6,1,9197,1106,16340},
{61173,173,6,1,9250,1112,16435},
{61174,174,6,1,9303,1118,16530},
{61175,175,6,1,9356,1124,16625},
{61176,176,6,1,9409,1130,16720},
{61177,177,6,1,9462,1136,16815},
{61178,178,6,1,9515,1142,16910},
{61179,179,6,1,9568,1148,17005},
{61180,180,6,1,9621,1154,17100},
{61181,181,6,1,9674,1160,17195},
{61182,182,6,1,9727,1166,17290},
{61183,183,6,1,9780,1172,17385},
{61184,184,6,1,9833,1178,17480},
{61185,185,6,1,9886,1184,17575},
{61186,186,6,1,9939,1190,17670},
{61187,187,6,1,9992,1196,17765},
{61188,188,6,1,10045,1202,17860},
{61189,189,6,1,10098,1208,17955},
{61190,190,6,1,10151,1214,18050},
{61191,191,6,1,10204,1220,18145},
{61192,192,6,1,10257,1226,18240},
{61193,193,6,1,10310,1232,18335},
{61194,194,6,1,10363,1238,18430},
{61195,195,6,1,10416,1244,18525},
{61196,196,6,1,10469,1250,18620},
{61197,197,6,1,10522,1256,18715},
{61198,198,6,1,10575,1262,18810},
{61199,199,6,1,10628,1268,18905},
{61200,200,6,1,10681,1274,19000},
{51001,1,5,1,63,80,95},
{51002,2,5,1,96,86,190},
{51003,3,5,1,129,92,285},
{51004,4,5,1,163,98,380},
{51005,5,5,1,196,104,475},
{51006,6,5,1,229,110,570},
{51007,7,5,1,263,116,665},
{51008,8,5,1,296,122,760},
{51009,9,5,1,329,128,855},
{51010,10,5,1,363,134,950},
{51011,11,5,1,396,140,1045},
{51012,12,5,1,429,146,1140},
{51013,13,5,1,463,152,1235},
{51014,14,5,1,496,158,1330},
{51015,15,5,1,529,164,1425},
{51016,16,5,1,563,170,1520},
{51017,17,5,1,596,176,1615},
{51018,18,5,1,629,182,1710},
{51019,19,5,1,663,188,1805},
{51020,20,5,1,696,194,1900},
{51021,21,5,1,729,200,1995},
{51022,22,5,1,763,206,2090},
{51023,23,5,1,796,212,2185},
{51024,24,5,1,829,218,2280},
{51025,25,5,1,863,224,2375},
{51026,26,5,1,896,230,2470},
{51027,27,5,1,929,236,2565},
{51028,28,5,1,963,242,2660},
{51029,29,5,1,996,248,2755},
{51030,30,5,1,1029,254,2850},
{51031,31,5,1,1063,260,2945},
{51032,32,5,1,1096,266,3040},
{51033,33,5,1,1129,272,3135},
{51034,34,5,1,1163,278,3230},
{51035,35,5,1,1196,284,3325},
{51036,36,5,1,1229,290,3420},
{51037,37,5,1,1263,296,3515},
{51038,38,5,1,1296,302,3610},
{51039,39,5,1,1329,308,3705},
{51040,40,5,1,1363,314,3800},
{51041,41,5,1,1396,320,3895},
{51042,42,5,1,1429,326,3990},
{51043,43,5,1,1463,332,4085},
{51044,44,5,1,1496,338,4180},
{51045,45,5,1,1529,344,4275},
{51046,46,5,1,1563,350,4370},
{51047,47,5,1,1596,356,4465},
{51048,48,5,1,1629,362,4560},
{51049,49,5,1,1663,368,4655},
{51050,50,5,1,1696,374,4750},
{51051,51,5,1,1729,380,4845},
{51052,52,5,1,1763,386,4940},
{51053,53,5,1,1796,392,5035},
{51054,54,5,1,1829,398,5130},
{51055,55,5,1,1863,404,5225},
{51056,56,5,1,1896,410,5320},
{51057,57,5,1,1929,416,5415},
{51058,58,5,1,1963,422,5510},
{51059,59,5,1,1996,428,5605},
{51060,60,5,1,2029,434,5700},
{51061,61,5,1,2063,440,5795},
{51062,62,5,1,2096,446,5890},
{51063,63,5,1,2129,452,5985},
{51064,64,5,1,2163,458,6080},
{51065,65,5,1,2196,464,6175},
{51066,66,5,1,2229,470,6270},
{51067,67,5,1,2263,476,6365},
{51068,68,5,1,2296,482,6460},
{51069,69,5,1,2329,488,6555},
{51070,70,5,1,2363,494,6650},
{51071,71,5,1,2396,500,6745},
{51072,72,5,1,2429,506,6840},
{51073,73,5,1,2463,512,6935},
{51074,74,5,1,2496,518,7030},
{51075,75,5,1,2529,524,7125},
{51076,76,5,1,2563,530,7220},
{51077,77,5,1,2596,536,7315},
{51078,78,5,1,2629,542,7410},
{51079,79,5,1,2663,548,7505},
{51080,80,5,1,2696,554,7600},
{51081,81,5,1,2729,560,7695},
{51082,82,5,1,2763,566,7790},
{51083,83,5,1,2796,572,7885},
{51084,84,5,1,2829,578,7980},
{51085,85,5,1,2863,584,8075},
{51086,86,5,1,2896,590,8170},
{51087,87,5,1,2929,596,8265},
{51088,88,5,1,2963,602,8360},
{51089,89,5,1,2996,608,8455},
{51090,90,5,1,3029,614,8550},
{51091,91,5,1,3063,620,8645},
{51092,92,5,1,3096,626,8740},
{51093,93,5,1,3129,632,8835},
{51094,94,5,1,3163,638,8930},
{51095,95,5,1,3196,644,9025},
{51096,96,5,1,3229,650,9120},
{51097,97,5,1,3263,656,9215},
{51098,98,5,1,3296,662,9310},
{51099,99,5,1,3329,668,9405},
{51100,100,5,1,3363,674,9500},
{51101,101,5,1,3397,680,9595},
{51102,102,5,1,3431,686,9690},
{51103,103,5,1,3465,692,9785},
{51104,104,5,1,3499,698,9880},
{51105,105,5,1,3533,704,9975},
{51106,106,5,1,3567,710,10070},
{51107,107,5,1,3601,716,10165},
{51108,108,5,1,3635,722,10260},
{51109,109,5,1,3669,728,10355},
{51110,110,5,1,3703,734,10450},
{51111,111,5,1,3737,740,10545},
{51112,112,5,1,3771,746,10640},
{51113,113,5,1,3805,752,10735},
{51114,114,5,1,3839,758,10830},
{51115,115,5,1,3873,764,10925},
{51116,116,5,1,3907,770,11020},
{51117,117,5,1,3941,776,11115},
{51118,118,5,1,3975,782,11210},
{51119,119,5,1,4009,788,11305},
{51120,120,5,1,4043,794,11400},
{51121,121,5,1,4077,800,11495},
{51122,122,5,1,4111,806,11590},
{51123,123,5,1,4145,812,11685},
{51124,124,5,1,4179,818,11780},
{51125,125,5,1,4213,824,11875},
{51126,126,5,1,4247,830,11970},
{51127,127,5,1,4281,836,12065},
{51128,128,5,1,4315,842,12160},
{51129,129,5,1,4349,848,12255},
{51130,130,5,1,4383,854,12350},
{51131,131,5,1,4417,860,12445},
{51132,132,5,1,4451,866,12540},
{51133,133,5,1,4485,872,12635},
{51134,134,5,1,4519,878,12730},
{51135,135,5,1,4553,884,12825},
{51136,136,5,1,4587,890,12920},
{51137,137,5,1,4621,896,13015},
{51138,138,5,1,4655,902,13110},
{51139,139,5,1,4689,908,13205},
{51140,140,5,1,4723,914,13300},
{51141,141,5,1,4757,920,13395},
{51142,142,5,1,4791,926,13490},
{51143,143,5,1,4825,932,13585},
{51144,144,5,1,4859,938,13680},
{51145,145,5,1,4893,944,13775},
{51146,146,5,1,4927,950,13870},
{51147,147,5,1,4961,956,13965},
{51148,148,5,1,4995,962,14060},
{51149,149,5,1,5029,968,14155},
{51150,150,5,1,5063,974,14250},
{51151,151,5,1,5097,980,14345},
{51152,152,5,1,5131,986,14440},
{51153,153,5,1,5165,992,14535},
{51154,154,5,1,5199,998,14630},
{51155,155,5,1,5233,1004,14725},
{51156,156,5,1,5267,1010,14820},
{51157,157,5,1,5301,1016,14915},
{51158,158,5,1,5335,1022,15010},
{51159,159,5,1,5369,1028,15105},
{51160,160,5,1,5403,1034,15200},
{51161,161,5,1,5437,1040,15295},
{51162,162,5,1,5471,1046,15390},
{51163,163,5,1,5505,1052,15485},
{51164,164,5,1,5539,1058,15580},
{51165,165,5,1,5573,1064,15675},
{51166,166,5,1,5607,1070,15770},
{51167,167,5,1,5641,1076,15865},
{51168,168,5,1,5675,1082,15960},
{51169,169,5,1,5709,1088,16055},
{51170,170,5,1,5743,1094,16150},
{51171,171,5,1,5777,1100,16245},
{51172,172,5,1,5811,1106,16340},
{51173,173,5,1,5845,1112,16435},
{51174,174,5,1,5879,1118,16530},
{51175,175,5,1,5913,1124,16625},
{51176,176,5,1,5947,1130,16720},
{51177,177,5,1,5981,1136,16815},
{51178,178,5,1,6015,1142,16910},
{51179,179,5,1,6049,1148,17005},
{51180,180,5,1,6083,1154,17100},
{51181,181,5,1,6117,1160,17195},
{51182,182,5,1,6151,1166,17290},
{51183,183,5,1,6185,1172,17385},
{51184,184,5,1,6219,1178,17480},
{51185,185,5,1,6253,1184,17575},
{51186,186,5,1,6287,1190,17670},
{51187,187,5,1,6321,1196,17765},
{51188,188,5,1,6355,1202,17860},
{51189,189,5,1,6389,1208,17955},
{51190,190,5,1,6423,1214,18050},
{51191,191,5,1,6457,1220,18145},
{51192,192,5,1,6491,1226,18240},
{51193,193,5,1,6525,1232,18335},
{51194,194,5,1,6559,1238,18430},
{51195,195,5,1,6593,1244,18525},
{51196,196,5,1,6627,1250,18620},
{51197,197,5,1,6661,1256,18715},
{51198,198,5,1,6695,1262,18810},
{51199,199,5,1,6729,1268,18905},
{51200,200,5,1,6763,1274,19000},
{41001,1,4,1,38,80,95},
{41002,2,4,1,58,86,190},
{41003,3,4,1,78,92,285},
{41004,4,4,1,98,98,380},
{41005,5,4,1,118,104,475},
{41006,6,4,1,138,110,570},
{41007,7,4,1,158,116,665},
{41008,8,4,1,178,122,760},
{41009,9,4,1,198,128,855},
{41010,10,4,1,218,134,950},
{41011,11,4,1,238,140,1045},
{41012,12,4,1,258,146,1140},
{41013,13,4,1,278,152,1235},
{41014,14,4,1,298,158,1330},
{41015,15,4,1,318,164,1425},
{41016,16,4,1,338,170,1520},
{41017,17,4,1,358,176,1615},
{41018,18,4,1,378,182,1710},
{41019,19,4,1,398,188,1805},
{41020,20,4,1,418,194,1900},
{41021,21,4,1,438,200,1995},
{41022,22,4,1,458,206,2090},
{41023,23,4,1,478,212,2185},
{41024,24,4,1,498,218,2280},
{41025,25,4,1,518,224,2375},
{41026,26,4,1,538,230,2470},
{41027,27,4,1,558,236,2565},
{41028,28,4,1,578,242,2660},
{41029,29,4,1,598,248,2755},
{41030,30,4,1,618,254,2850},
{41031,31,4,1,638,260,2945},
{41032,32,4,1,658,266,3040},
{41033,33,4,1,678,272,3135},
{41034,34,4,1,698,278,3230},
{41035,35,4,1,718,284,3325},
{41036,36,4,1,738,290,3420},
{41037,37,4,1,758,296,3515},
{41038,38,4,1,778,302,3610},
{41039,39,4,1,798,308,3705},
{41040,40,4,1,818,314,3800},
{41041,41,4,1,838,320,3895},
{41042,42,4,1,858,326,3990},
{41043,43,4,1,878,332,4085},
{41044,44,4,1,898,338,4180},
{41045,45,4,1,918,344,4275},
{41046,46,4,1,938,350,4370},
{41047,47,4,1,958,356,4465},
{41048,48,4,1,978,362,4560},
{41049,49,4,1,998,368,4655},
{41050,50,4,1,1018,374,4750},
{41051,51,4,1,1038,380,4845},
{41052,52,4,1,1058,386,4940},
{41053,53,4,1,1078,392,5035},
{41054,54,4,1,1098,398,5130},
{41055,55,4,1,1118,404,5225},
{41056,56,4,1,1138,410,5320},
{41057,57,4,1,1158,416,5415},
{41058,58,4,1,1178,422,5510},
{41059,59,4,1,1198,428,5605},
{41060,60,4,1,1218,434,5700},
{41061,61,4,1,1238,440,5795},
{41062,62,4,1,1258,446,5890},
{41063,63,4,1,1278,452,5985},
{41064,64,4,1,1298,458,6080},
{41065,65,4,1,1318,464,6175},
{41066,66,4,1,1338,470,6270},
{41067,67,4,1,1358,476,6365},
{41068,68,4,1,1378,482,6460},
{41069,69,4,1,1398,488,6555},
{41070,70,4,1,1418,494,6650},
{41071,71,4,1,1438,500,6745},
{41072,72,4,1,1458,506,6840},
{41073,73,4,1,1478,512,6935},
{41074,74,4,1,1498,518,7030},
{41075,75,4,1,1518,524,7125},
{41076,76,4,1,1538,530,7220},
{41077,77,4,1,1558,536,7315},
{41078,78,4,1,1578,542,7410},
{41079,79,4,1,1598,548,7505},
{41080,80,4,1,1618,554,7600},
{41081,81,4,1,1638,560,7695},
{41082,82,4,1,1658,566,7790},
{41083,83,4,1,1678,572,7885},
{41084,84,4,1,1698,578,7980},
{41085,85,4,1,1718,584,8075},
{41086,86,4,1,1738,590,8170},
{41087,87,4,1,1758,596,8265},
{41088,88,4,1,1778,602,8360},
{41089,89,4,1,1798,608,8455},
{41090,90,4,1,1818,614,8550},
{41091,91,4,1,1838,620,8645},
{41092,92,4,1,1858,626,8740},
{41093,93,4,1,1878,632,8835},
{41094,94,4,1,1898,638,8930},
{41095,95,4,1,1918,644,9025},
{41096,96,4,1,1938,650,9120},
{41097,97,4,1,1958,656,9215},
{41098,98,4,1,1978,662,9310},
{41099,99,4,1,1998,668,9405},
{41100,100,4,1,2018,674,9500},
{41101,101,4,1,2038,680,9595},
{41102,102,4,1,2058,686,9690},
{41103,103,4,1,2078,692,9785},
{41104,104,4,1,2098,698,9880},
{41105,105,4,1,2118,704,9975},
{41106,106,4,1,2138,710,10070},
{41107,107,4,1,2158,716,10165},
{41108,108,4,1,2178,722,10260},
{41109,109,4,1,2198,728,10355},
{41110,110,4,1,2218,734,10450},
{41111,111,4,1,2238,740,10545},
{41112,112,4,1,2258,746,10640},
{41113,113,4,1,2278,752,10735},
{41114,114,4,1,2298,758,10830},
{41115,115,4,1,2318,764,10925},
{41116,116,4,1,2338,770,11020},
{41117,117,4,1,2358,776,11115},
{41118,118,4,1,2378,782,11210},
{41119,119,4,1,2398,788,11305},
{41120,120,4,1,2418,794,11400},
{41121,121,4,1,2438,800,11495},
{41122,122,4,1,2458,806,11590},
{41123,123,4,1,2478,812,11685},
{41124,124,4,1,2498,818,11780},
{41125,125,4,1,2518,824,11875},
{41126,126,4,1,2538,830,11970},
{41127,127,4,1,2558,836,12065},
{41128,128,4,1,2578,842,12160},
{41129,129,4,1,2598,848,12255},
{41130,130,4,1,2618,854,12350},
{41131,131,4,1,2638,860,12445},
{41132,132,4,1,2658,866,12540},
{41133,133,4,1,2678,872,12635},
{41134,134,4,1,2698,878,12730},
{41135,135,4,1,2718,884,12825},
{41136,136,4,1,2738,890,12920},
{41137,137,4,1,2758,896,13015},
{41138,138,4,1,2778,902,13110},
{41139,139,4,1,2798,908,13205},
{41140,140,4,1,2818,914,13300},
{41141,141,4,1,2838,920,13395},
{41142,142,4,1,2858,926,13490},
{41143,143,4,1,2878,932,13585},
{41144,144,4,1,2898,938,13680},
{41145,145,4,1,2918,944,13775},
{41146,146,4,1,2938,950,13870},
{41147,147,4,1,2958,956,13965},
{41148,148,4,1,2978,962,14060},
{41149,149,4,1,2998,968,14155},
{41150,150,4,1,3018,974,14250},
{41151,151,4,1,3038,980,14345},
{41152,152,4,1,3058,986,14440},
{41153,153,4,1,3078,992,14535},
{41154,154,4,1,3098,998,14630},
{41155,155,4,1,3118,1004,14725},
{41156,156,4,1,3138,1010,14820},
{41157,157,4,1,3158,1016,14915},
{41158,158,4,1,3178,1022,15010},
{41159,159,4,1,3198,1028,15105},
{41160,160,4,1,3218,1034,15200},
{41161,161,4,1,3238,1040,15295},
{41162,162,4,1,3258,1046,15390},
{41163,163,4,1,3278,1052,15485},
{41164,164,4,1,3298,1058,15580},
{41165,165,4,1,3318,1064,15675},
{41166,166,4,1,3338,1070,15770},
{41167,167,4,1,3358,1076,15865},
{41168,168,4,1,3378,1082,15960},
{41169,169,4,1,3398,1088,16055},
{41170,170,4,1,3418,1094,16150},
{41171,171,4,1,3438,1100,16245},
{41172,172,4,1,3458,1106,16340},
{41173,173,4,1,3478,1112,16435},
{41174,174,4,1,3498,1118,16530},
{41175,175,4,1,3518,1124,16625},
{41176,176,4,1,3538,1130,16720},
{41177,177,4,1,3558,1136,16815},
{41178,178,4,1,3578,1142,16910},
{41179,179,4,1,3598,1148,17005},
{41180,180,4,1,3618,1154,17100},
{41181,181,4,1,3638,1160,17195},
{41182,182,4,1,3658,1166,17290},
{41183,183,4,1,3678,1172,17385},
{41184,184,4,1,3698,1178,17480},
{41185,185,4,1,3718,1184,17575},
{41186,186,4,1,3738,1190,17670},
{41187,187,4,1,3758,1196,17765},
{41188,188,4,1,3778,1202,17860},
{41189,189,4,1,3798,1208,17955},
{41190,190,4,1,3818,1214,18050},
{41191,191,4,1,3838,1220,18145},
{41192,192,4,1,3858,1226,18240},
{41193,193,4,1,3878,1232,18335},
{41194,194,4,1,3898,1238,18430},
{41195,195,4,1,3918,1244,18525},
{41196,196,4,1,3938,1250,18620},
{41197,197,4,1,3958,1256,18715},
{41198,198,4,1,3978,1262,18810},
{41199,199,4,1,3998,1268,18905},
{41200,200,4,1,4018,1274,19000},
{62001,1,6,2,101,80,95},
{62002,2,6,2,155,86,190},
{62003,3,6,2,208,92,285},
{62004,4,6,2,261,98,380},
{62005,5,6,2,315,104,475},
{62006,6,6,2,368,110,570},
{62007,7,6,2,421,116,665},
{62008,8,6,2,475,122,760},
{62009,9,6,2,528,128,855},
{62010,10,6,2,581,134,950},
{62011,11,6,2,635,140,1045},
{62012,12,6,2,688,146,1140},
{62013,13,6,2,741,152,1235},
{62014,14,6,2,795,158,1330},
{62015,15,6,2,848,164,1425},
{62016,16,6,2,901,170,1520},
{62017,17,6,2,955,176,1615},
{62018,18,6,2,1008,182,1710},
{62019,19,6,2,1061,188,1805},
{62020,20,6,2,1115,194,1900},
{62021,21,6,2,1168,200,1995},
{62022,22,6,2,1221,206,2090},
{62023,23,6,2,1275,212,2185},
{62024,24,6,2,1328,218,2280},
{62025,25,6,2,1381,224,2375},
{62026,26,6,2,1435,230,2470},
{62027,27,6,2,1488,236,2565},
{62028,28,6,2,1541,242,2660},
{62029,29,6,2,1595,248,2755},
{62030,30,6,2,1648,254,2850},
{62031,31,6,2,1701,260,2945},
{62032,32,6,2,1755,266,3040},
{62033,33,6,2,1808,272,3135},
{62034,34,6,2,1861,278,3230},
{62035,35,6,2,1915,284,3325},
{62036,36,6,2,1968,290,3420},
{62037,37,6,2,2021,296,3515},
{62038,38,6,2,2075,302,3610},
{62039,39,6,2,2128,308,3705},
{62040,40,6,2,2181,314,3800},
{62041,41,6,2,2235,320,3895},
{62042,42,6,2,2288,326,3990},
{62043,43,6,2,2341,332,4085},
{62044,44,6,2,2395,338,4180},
{62045,45,6,2,2448,344,4275},
{62046,46,6,2,2501,350,4370},
{62047,47,6,2,2555,356,4465},
{62048,48,6,2,2608,362,4560},
{62049,49,6,2,2661,368,4655},
{62050,50,6,2,2715,374,4750},
{62051,51,6,2,2768,380,4845},
{62052,52,6,2,2821,386,4940},
{62053,53,6,2,2875,392,5035},
{62054,54,6,2,2928,398,5130},
{62055,55,6,2,2981,404,5225},
{62056,56,6,2,3035,410,5320},
{62057,57,6,2,3088,416,5415},
{62058,58,6,2,3141,422,5510},
{62059,59,6,2,3195,428,5605},
{62060,60,6,2,3248,434,5700},
{62061,61,6,2,3301,440,5795},
{62062,62,6,2,3355,446,5890},
{62063,63,6,2,3408,452,5985},
{62064,64,6,2,3461,458,6080},
{62065,65,6,2,3515,464,6175},
{62066,66,6,2,3568,470,6270},
{62067,67,6,2,3621,476,6365},
{62068,68,6,2,3675,482,6460},
{62069,69,6,2,3728,488,6555},
{62070,70,6,2,3781,494,6650},
{62071,71,6,2,3835,500,6745},
{62072,72,6,2,3888,506,6840},
{62073,73,6,2,3941,512,6935},
{62074,74,6,2,3995,518,7030},
{62075,75,6,2,4048,524,7125},
{62076,76,6,2,4101,530,7220},
{62077,77,6,2,4155,536,7315},
{62078,78,6,2,4208,542,7410},
{62079,79,6,2,4261,548,7505},
{62080,80,6,2,4315,554,7600},
{62081,81,6,2,4368,560,7695},
{62082,82,6,2,4421,566,7790},
{62083,83,6,2,4475,572,7885},
{62084,84,6,2,4528,578,7980},
{62085,85,6,2,4581,584,8075},
{62086,86,6,2,4635,590,8170},
{62087,87,6,2,4688,596,8265},
{62088,88,6,2,4741,602,8360},
{62089,89,6,2,4795,608,8455},
{62090,90,6,2,4848,614,8550},
{62091,91,6,2,4901,620,8645},
{62092,92,6,2,4955,626,8740},
{62093,93,6,2,5008,632,8835},
{62094,94,6,2,5061,638,8930},
{62095,95,6,2,5115,644,9025},
{62096,96,6,2,5168,650,9120},
{62097,97,6,2,5221,656,9215},
{62098,98,6,2,5275,662,9310},
{62099,99,6,2,5328,668,9405},
{62100,100,6,2,5381,674,9500},
{62101,101,6,2,5434,680,9595},
{62102,102,6,2,5487,686,9690},
{62103,103,6,2,5540,692,9785},
{62104,104,6,2,5593,698,9880},
{62105,105,6,2,5646,704,9975},
{62106,106,6,2,5699,710,10070},
{62107,107,6,2,5752,716,10165},
{62108,108,6,2,5805,722,10260},
{62109,109,6,2,5858,728,10355},
{62110,110,6,2,5911,734,10450},
{62111,111,6,2,5964,740,10545},
{62112,112,6,2,6017,746,10640},
{62113,113,6,2,6070,752,10735},
{62114,114,6,2,6123,758,10830},
{62115,115,6,2,6176,764,10925},
{62116,116,6,2,6229,770,11020},
{62117,117,6,2,6282,776,11115},
{62118,118,6,2,6335,782,11210},
{62119,119,6,2,6388,788,11305},
{62120,120,6,2,6441,794,11400},
{62121,121,6,2,6494,800,11495},
{62122,122,6,2,6547,806,11590},
{62123,123,6,2,6600,812,11685},
{62124,124,6,2,6653,818,11780},
{62125,125,6,2,6706,824,11875},
{62126,126,6,2,6759,830,11970},
{62127,127,6,2,6812,836,12065},
{62128,128,6,2,6865,842,12160},
{62129,129,6,2,6918,848,12255},
{62130,130,6,2,6971,854,12350},
{62131,131,6,2,7024,860,12445},
{62132,132,6,2,7077,866,12540},
{62133,133,6,2,7130,872,12635},
{62134,134,6,2,7183,878,12730},
{62135,135,6,2,7236,884,12825},
{62136,136,6,2,7289,890,12920},
{62137,137,6,2,7342,896,13015},
{62138,138,6,2,7395,902,13110},
{62139,139,6,2,7448,908,13205},
{62140,140,6,2,7501,914,13300},
{62141,141,6,2,7554,920,13395},
{62142,142,6,2,7607,926,13490},
{62143,143,6,2,7660,932,13585},
{62144,144,6,2,7713,938,13680},
{62145,145,6,2,7766,944,13775},
{62146,146,6,2,7819,950,13870},
{62147,147,6,2,7872,956,13965},
{62148,148,6,2,7925,962,14060},
{62149,149,6,2,7978,968,14155},
{62150,150,6,2,8031,974,14250},
{62151,151,6,2,8084,980,14345},
{62152,152,6,2,8137,986,14440},
{62153,153,6,2,8190,992,14535},
{62154,154,6,2,8243,998,14630},
{62155,155,6,2,8296,1004,14725},
{62156,156,6,2,8349,1010,14820},
{62157,157,6,2,8402,1016,14915},
{62158,158,6,2,8455,1022,15010},
{62159,159,6,2,8508,1028,15105},
{62160,160,6,2,8561,1034,15200},
{62161,161,6,2,8614,1040,15295},
{62162,162,6,2,8667,1046,15390},
{62163,163,6,2,8720,1052,15485},
{62164,164,6,2,8773,1058,15580},
{62165,165,6,2,8826,1064,15675},
{62166,166,6,2,8879,1070,15770},
{62167,167,6,2,8932,1076,15865},
{62168,168,6,2,8985,1082,15960},
{62169,169,6,2,9038,1088,16055},
{62170,170,6,2,9091,1094,16150},
{62171,171,6,2,9144,1100,16245},
{62172,172,6,2,9197,1106,16340},
{62173,173,6,2,9250,1112,16435},
{62174,174,6,2,9303,1118,16530},
{62175,175,6,2,9356,1124,16625},
{62176,176,6,2,9409,1130,16720},
{62177,177,6,2,9462,1136,16815},
{62178,178,6,2,9515,1142,16910},
{62179,179,6,2,9568,1148,17005},
{62180,180,6,2,9621,1154,17100},
{62181,181,6,2,9674,1160,17195},
{62182,182,6,2,9727,1166,17290},
{62183,183,6,2,9780,1172,17385},
{62184,184,6,2,9833,1178,17480},
{62185,185,6,2,9886,1184,17575},
{62186,186,6,2,9939,1190,17670},
{62187,187,6,2,9992,1196,17765},
{62188,188,6,2,10045,1202,17860},
{62189,189,6,2,10098,1208,17955},
{62190,190,6,2,10151,1214,18050},
{62191,191,6,2,10204,1220,18145},
{62192,192,6,2,10257,1226,18240},
{62193,193,6,2,10310,1232,18335},
{62194,194,6,2,10363,1238,18430},
{62195,195,6,2,10416,1244,18525},
{62196,196,6,2,10469,1250,18620},
{62197,197,6,2,10522,1256,18715},
{62198,198,6,2,10575,1262,18810},
{62199,199,6,2,10628,1268,18905},
{62200,200,6,2,10681,1274,19000},
{52001,1,5,2,63,80,95},
{52002,2,5,2,96,86,190},
{52003,3,5,2,129,92,285},
{52004,4,5,2,163,98,380},
{52005,5,5,2,196,104,475},
{52006,6,5,2,229,110,570},
{52007,7,5,2,263,116,665},
{52008,8,5,2,296,122,760},
{52009,9,5,2,329,128,855},
{52010,10,5,2,363,134,950},
{52011,11,5,2,396,140,1045},
{52012,12,5,2,429,146,1140},
{52013,13,5,2,463,152,1235},
{52014,14,5,2,496,158,1330},
{52015,15,5,2,529,164,1425},
{52016,16,5,2,563,170,1520},
{52017,17,5,2,596,176,1615},
{52018,18,5,2,629,182,1710},
{52019,19,5,2,663,188,1805},
{52020,20,5,2,696,194,1900},
{52021,21,5,2,729,200,1995},
{52022,22,5,2,763,206,2090},
{52023,23,5,2,796,212,2185},
{52024,24,5,2,829,218,2280},
{52025,25,5,2,863,224,2375},
{52026,26,5,2,896,230,2470},
{52027,27,5,2,929,236,2565},
{52028,28,5,2,963,242,2660},
{52029,29,5,2,996,248,2755},
{52030,30,5,2,1029,254,2850},
{52031,31,5,2,1063,260,2945},
{52032,32,5,2,1096,266,3040},
{52033,33,5,2,1129,272,3135},
{52034,34,5,2,1163,278,3230},
{52035,35,5,2,1196,284,3325},
{52036,36,5,2,1229,290,3420},
{52037,37,5,2,1263,296,3515},
{52038,38,5,2,1296,302,3610},
{52039,39,5,2,1329,308,3705},
{52040,40,5,2,1363,314,3800},
{52041,41,5,2,1396,320,3895},
{52042,42,5,2,1429,326,3990},
{52043,43,5,2,1463,332,4085},
{52044,44,5,2,1496,338,4180},
{52045,45,5,2,1529,344,4275},
{52046,46,5,2,1563,350,4370},
{52047,47,5,2,1596,356,4465},
{52048,48,5,2,1629,362,4560},
{52049,49,5,2,1663,368,4655},
{52050,50,5,2,1696,374,4750},
{52051,51,5,2,1729,380,4845},
{52052,52,5,2,1763,386,4940},
{52053,53,5,2,1796,392,5035},
{52054,54,5,2,1829,398,5130},
{52055,55,5,2,1863,404,5225},
{52056,56,5,2,1896,410,5320},
{52057,57,5,2,1929,416,5415},
{52058,58,5,2,1963,422,5510},
{52059,59,5,2,1996,428,5605},
{52060,60,5,2,2029,434,5700},
{52061,61,5,2,2063,440,5795},
{52062,62,5,2,2096,446,5890},
{52063,63,5,2,2129,452,5985},
{52064,64,5,2,2163,458,6080},
{52065,65,5,2,2196,464,6175},
{52066,66,5,2,2229,470,6270},
{52067,67,5,2,2263,476,6365},
{52068,68,5,2,2296,482,6460},
{52069,69,5,2,2329,488,6555},
{52070,70,5,2,2363,494,6650},
{52071,71,5,2,2396,500,6745},
{52072,72,5,2,2429,506,6840},
{52073,73,5,2,2463,512,6935},
{52074,74,5,2,2496,518,7030},
{52075,75,5,2,2529,524,7125},
{52076,76,5,2,2563,530,7220},
{52077,77,5,2,2596,536,7315},
{52078,78,5,2,2629,542,7410},
{52079,79,5,2,2663,548,7505},
{52080,80,5,2,2696,554,7600},
{52081,81,5,2,2729,560,7695},
{52082,82,5,2,2763,566,7790},
{52083,83,5,2,2796,572,7885},
{52084,84,5,2,2829,578,7980},
{52085,85,5,2,2863,584,8075},
{52086,86,5,2,2896,590,8170},
{52087,87,5,2,2929,596,8265},
{52088,88,5,2,2963,602,8360},
{52089,89,5,2,2996,608,8455},
{52090,90,5,2,3029,614,8550},
{52091,91,5,2,3063,620,8645},
{52092,92,5,2,3096,626,8740},
{52093,93,5,2,3129,632,8835},
{52094,94,5,2,3163,638,8930},
{52095,95,5,2,3196,644,9025},
{52096,96,5,2,3229,650,9120},
{52097,97,5,2,3263,656,9215},
{52098,98,5,2,3296,662,9310},
{52099,99,5,2,3329,668,9405},
{52100,100,5,2,3363,674,9500},
{52101,101,5,2,3397,680,9595},
{52102,102,5,2,3431,686,9690},
{52103,103,5,2,3465,692,9785},
{52104,104,5,2,3499,698,9880},
{52105,105,5,2,3533,704,9975},
{52106,106,5,2,3567,710,10070},
{52107,107,5,2,3601,716,10165},
{52108,108,5,2,3635,722,10260},
{52109,109,5,2,3669,728,10355},
{52110,110,5,2,3703,734,10450},
{52111,111,5,2,3737,740,10545},
{52112,112,5,2,3771,746,10640},
{52113,113,5,2,3805,752,10735},
{52114,114,5,2,3839,758,10830},
{52115,115,5,2,3873,764,10925},
{52116,116,5,2,3907,770,11020},
{52117,117,5,2,3941,776,11115},
{52118,118,5,2,3975,782,11210},
{52119,119,5,2,4009,788,11305},
{52120,120,5,2,4043,794,11400},
{52121,121,5,2,4077,800,11495},
{52122,122,5,2,4111,806,11590},
{52123,123,5,2,4145,812,11685},
{52124,124,5,2,4179,818,11780},
{52125,125,5,2,4213,824,11875},
{52126,126,5,2,4247,830,11970},
{52127,127,5,2,4281,836,12065},
{52128,128,5,2,4315,842,12160},
{52129,129,5,2,4349,848,12255},
{52130,130,5,2,4383,854,12350},
{52131,131,5,2,4417,860,12445},
{52132,132,5,2,4451,866,12540},
{52133,133,5,2,4485,872,12635},
{52134,134,5,2,4519,878,12730},
{52135,135,5,2,4553,884,12825},
{52136,136,5,2,4587,890,12920},
{52137,137,5,2,4621,896,13015},
{52138,138,5,2,4655,902,13110},
{52139,139,5,2,4689,908,13205},
{52140,140,5,2,4723,914,13300},
{52141,141,5,2,4757,920,13395},
{52142,142,5,2,4791,926,13490},
{52143,143,5,2,4825,932,13585},
{52144,144,5,2,4859,938,13680},
{52145,145,5,2,4893,944,13775},
{52146,146,5,2,4927,950,13870},
{52147,147,5,2,4961,956,13965},
{52148,148,5,2,4995,962,14060},
{52149,149,5,2,5029,968,14155},
{52150,150,5,2,5063,974,14250},
{52151,151,5,2,5097,980,14345},
{52152,152,5,2,5131,986,14440},
{52153,153,5,2,5165,992,14535},
{52154,154,5,2,5199,998,14630},
{52155,155,5,2,5233,1004,14725},
{52156,156,5,2,5267,1010,14820},
{52157,157,5,2,5301,1016,14915},
{52158,158,5,2,5335,1022,15010},
{52159,159,5,2,5369,1028,15105},
{52160,160,5,2,5403,1034,15200},
{52161,161,5,2,5437,1040,15295},
{52162,162,5,2,5471,1046,15390},
{52163,163,5,2,5505,1052,15485},
{52164,164,5,2,5539,1058,15580},
{52165,165,5,2,5573,1064,15675},
{52166,166,5,2,5607,1070,15770},
{52167,167,5,2,5641,1076,15865},
{52168,168,5,2,5675,1082,15960},
{52169,169,5,2,5709,1088,16055},
{52170,170,5,2,5743,1094,16150},
{52171,171,5,2,5777,1100,16245},
{52172,172,5,2,5811,1106,16340},
{52173,173,5,2,5845,1112,16435},
{52174,174,5,2,5879,1118,16530},
{52175,175,5,2,5913,1124,16625},
{52176,176,5,2,5947,1130,16720},
{52177,177,5,2,5981,1136,16815},
{52178,178,5,2,6015,1142,16910},
{52179,179,5,2,6049,1148,17005},
{52180,180,5,2,6083,1154,17100},
{52181,181,5,2,6117,1160,17195},
{52182,182,5,2,6151,1166,17290},
{52183,183,5,2,6185,1172,17385},
{52184,184,5,2,6219,1178,17480},
{52185,185,5,2,6253,1184,17575},
{52186,186,5,2,6287,1190,17670},
{52187,187,5,2,6321,1196,17765},
{52188,188,5,2,6355,1202,17860},
{52189,189,5,2,6389,1208,17955},
{52190,190,5,2,6423,1214,18050},
{52191,191,5,2,6457,1220,18145},
{52192,192,5,2,6491,1226,18240},
{52193,193,5,2,6525,1232,18335},
{52194,194,5,2,6559,1238,18430},
{52195,195,5,2,6593,1244,18525},
{52196,196,5,2,6627,1250,18620},
{52197,197,5,2,6661,1256,18715},
{52198,198,5,2,6695,1262,18810},
{52199,199,5,2,6729,1268,18905},
{52200,200,5,2,6763,1274,19000},
{63001,1,6,3,101,80,95},
{63002,2,6,3,155,86,190},
{63003,3,6,3,208,92,285},
{63004,4,6,3,261,98,380},
{63005,5,6,3,315,104,475},
{63006,6,6,3,368,110,570},
{63007,7,6,3,421,116,665},
{63008,8,6,3,475,122,760},
{63009,9,6,3,528,128,855},
{63010,10,6,3,581,134,950},
{63011,11,6,3,635,140,1045},
{63012,12,6,3,688,146,1140},
{63013,13,6,3,741,152,1235},
{63014,14,6,3,795,158,1330},
{63015,15,6,3,848,164,1425},
{63016,16,6,3,901,170,1520},
{63017,17,6,3,955,176,1615},
{63018,18,6,3,1008,182,1710},
{63019,19,6,3,1061,188,1805},
{63020,20,6,3,1115,194,1900},
{63021,21,6,3,1168,200,1995},
{63022,22,6,3,1221,206,2090},
{63023,23,6,3,1275,212,2185},
{63024,24,6,3,1328,218,2280},
{63025,25,6,3,1381,224,2375},
{63026,26,6,3,1435,230,2470},
{63027,27,6,3,1488,236,2565},
{63028,28,6,3,1541,242,2660},
{63029,29,6,3,1595,248,2755},
{63030,30,6,3,1648,254,2850},
{63031,31,6,3,1701,260,2945},
{63032,32,6,3,1755,266,3040},
{63033,33,6,3,1808,272,3135},
{63034,34,6,3,1861,278,3230},
{63035,35,6,3,1915,284,3325},
{63036,36,6,3,1968,290,3420},
{63037,37,6,3,2021,296,3515},
{63038,38,6,3,2075,302,3610},
{63039,39,6,3,2128,308,3705},
{63040,40,6,3,2181,314,3800},
{63041,41,6,3,2235,320,3895},
{63042,42,6,3,2288,326,3990},
{63043,43,6,3,2341,332,4085},
{63044,44,6,3,2395,338,4180},
{63045,45,6,3,2448,344,4275},
{63046,46,6,3,2501,350,4370},
{63047,47,6,3,2555,356,4465},
{63048,48,6,3,2608,362,4560},
{63049,49,6,3,2661,368,4655},
{63050,50,6,3,2715,374,4750},
{63051,51,6,3,2768,380,4845},
{63052,52,6,3,2821,386,4940},
{63053,53,6,3,2875,392,5035},
{63054,54,6,3,2928,398,5130},
{63055,55,6,3,2981,404,5225},
{63056,56,6,3,3035,410,5320},
{63057,57,6,3,3088,416,5415},
{63058,58,6,3,3141,422,5510},
{63059,59,6,3,3195,428,5605},
{63060,60,6,3,3248,434,5700},
{63061,61,6,3,3301,440,5795},
{63062,62,6,3,3355,446,5890},
{63063,63,6,3,3408,452,5985},
{63064,64,6,3,3461,458,6080},
{63065,65,6,3,3515,464,6175},
{63066,66,6,3,3568,470,6270},
{63067,67,6,3,3621,476,6365},
{63068,68,6,3,3675,482,6460},
{63069,69,6,3,3728,488,6555},
{63070,70,6,3,3781,494,6650},
{63071,71,6,3,3835,500,6745},
{63072,72,6,3,3888,506,6840},
{63073,73,6,3,3941,512,6935},
{63074,74,6,3,3995,518,7030},
{63075,75,6,3,4048,524,7125},
{63076,76,6,3,4101,530,7220},
{63077,77,6,3,4155,536,7315},
{63078,78,6,3,4208,542,7410},
{63079,79,6,3,4261,548,7505},
{63080,80,6,3,4315,554,7600},
{63081,81,6,3,4368,560,7695},
{63082,82,6,3,4421,566,7790},
{63083,83,6,3,4475,572,7885},
{63084,84,6,3,4528,578,7980},
{63085,85,6,3,4581,584,8075},
{63086,86,6,3,4635,590,8170},
{63087,87,6,3,4688,596,8265},
{63088,88,6,3,4741,602,8360},
{63089,89,6,3,4795,608,8455},
{63090,90,6,3,4848,614,8550},
{63091,91,6,3,4901,620,8645},
{63092,92,6,3,4955,626,8740},
{63093,93,6,3,5008,632,8835},
{63094,94,6,3,5061,638,8930},
{63095,95,6,3,5115,644,9025},
{63096,96,6,3,5168,650,9120},
{63097,97,6,3,5221,656,9215},
{63098,98,6,3,5275,662,9310},
{63099,99,6,3,5328,668,9405},
{63100,100,6,3,5381,674,9500},
{63101,101,6,3,5434,680,9595},
{63102,102,6,3,5487,686,9690},
{63103,103,6,3,5540,692,9785},
{63104,104,6,3,5593,698,9880},
{63105,105,6,3,5646,704,9975},
{63106,106,6,3,5699,710,10070},
{63107,107,6,3,5752,716,10165},
{63108,108,6,3,5805,722,10260},
{63109,109,6,3,5858,728,10355},
{63110,110,6,3,5911,734,10450},
{63111,111,6,3,5964,740,10545},
{63112,112,6,3,6017,746,10640},
{63113,113,6,3,6070,752,10735},
{63114,114,6,3,6123,758,10830},
{63115,115,6,3,6176,764,10925},
{63116,116,6,3,6229,770,11020},
{63117,117,6,3,6282,776,11115},
{63118,118,6,3,6335,782,11210},
{63119,119,6,3,6388,788,11305},
{63120,120,6,3,6441,794,11400},
{63121,121,6,3,6494,800,11495},
{63122,122,6,3,6547,806,11590},
{63123,123,6,3,6600,812,11685},
{63124,124,6,3,6653,818,11780},
{63125,125,6,3,6706,824,11875},
{63126,126,6,3,6759,830,11970},
{63127,127,6,3,6812,836,12065},
{63128,128,6,3,6865,842,12160},
{63129,129,6,3,6918,848,12255},
{63130,130,6,3,6971,854,12350},
{63131,131,6,3,7024,860,12445},
{63132,132,6,3,7077,866,12540},
{63133,133,6,3,7130,872,12635},
{63134,134,6,3,7183,878,12730},
{63135,135,6,3,7236,884,12825},
{63136,136,6,3,7289,890,12920},
{63137,137,6,3,7342,896,13015},
{63138,138,6,3,7395,902,13110},
{63139,139,6,3,7448,908,13205},
{63140,140,6,3,7501,914,13300},
{63141,141,6,3,7554,920,13395},
{63142,142,6,3,7607,926,13490},
{63143,143,6,3,7660,932,13585},
{63144,144,6,3,7713,938,13680},
{63145,145,6,3,7766,944,13775},
{63146,146,6,3,7819,950,13870},
{63147,147,6,3,7872,956,13965},
{63148,148,6,3,7925,962,14060},
{63149,149,6,3,7978,968,14155},
{63150,150,6,3,8031,974,14250},
{63151,151,6,3,8084,980,14345},
{63152,152,6,3,8137,986,14440},
{63153,153,6,3,8190,992,14535},
{63154,154,6,3,8243,998,14630},
{63155,155,6,3,8296,1004,14725},
{63156,156,6,3,8349,1010,14820},
{63157,157,6,3,8402,1016,14915},
{63158,158,6,3,8455,1022,15010},
{63159,159,6,3,8508,1028,15105},
{63160,160,6,3,8561,1034,15200},
{63161,161,6,3,8614,1040,15295},
{63162,162,6,3,8667,1046,15390},
{63163,163,6,3,8720,1052,15485},
{63164,164,6,3,8773,1058,15580},
{63165,165,6,3,8826,1064,15675},
{63166,166,6,3,8879,1070,15770},
{63167,167,6,3,8932,1076,15865},
{63168,168,6,3,8985,1082,15960},
{63169,169,6,3,9038,1088,16055},
{63170,170,6,3,9091,1094,16150},
{63171,171,6,3,9144,1100,16245},
{63172,172,6,3,9197,1106,16340},
{63173,173,6,3,9250,1112,16435},
{63174,174,6,3,9303,1118,16530},
{63175,175,6,3,9356,1124,16625},
{63176,176,6,3,9409,1130,16720},
{63177,177,6,3,9462,1136,16815},
{63178,178,6,3,9515,1142,16910},
{63179,179,6,3,9568,1148,17005},
{63180,180,6,3,9621,1154,17100},
{63181,181,6,3,9674,1160,17195},
{63182,182,6,3,9727,1166,17290},
{63183,183,6,3,9780,1172,17385},
{63184,184,6,3,9833,1178,17480},
{63185,185,6,3,9886,1184,17575},
{63186,186,6,3,9939,1190,17670},
{63187,187,6,3,9992,1196,17765},
{63188,188,6,3,10045,1202,17860},
{63189,189,6,3,10098,1208,17955},
{63190,190,6,3,10151,1214,18050},
{63191,191,6,3,10204,1220,18145},
{63192,192,6,3,10257,1226,18240},
{63193,193,6,3,10310,1232,18335},
{63194,194,6,3,10363,1238,18430},
{63195,195,6,3,10416,1244,18525},
{63196,196,6,3,10469,1250,18620},
{63197,197,6,3,10522,1256,18715},
{63198,198,6,3,10575,1262,18810},
{63199,199,6,3,10628,1268,18905},
{63200,200,6,3,10681,1274,19000},
{60001,1,6,0,101,80,95},
{60002,2,6,0,155,86,190},
{60003,3,6,0,208,92,285},
{60004,4,6,0,261,98,380},
{60005,5,6,0,315,104,475},
{60006,6,6,0,368,110,570},
{60007,7,6,0,421,116,665},
{60008,8,6,0,475,122,760},
{60009,9,6,0,528,128,855},
{60010,10,6,0,581,134,950},
{60011,11,6,0,635,140,1045},
{60012,12,6,0,688,146,1140},
{60013,13,6,0,741,152,1235},
{60014,14,6,0,795,158,1330},
{60015,15,6,0,848,164,1425},
{60016,16,6,0,901,170,1520},
{60017,17,6,0,955,176,1615},
{60018,18,6,0,1008,182,1710},
{60019,19,6,0,1061,188,1805},
{60020,20,6,0,1115,194,1900},
{60021,21,6,0,1168,200,1995},
{60022,22,6,0,1221,206,2090},
{60023,23,6,0,1275,212,2185},
{60024,24,6,0,1328,218,2280},
{60025,25,6,0,1381,224,2375},
{60026,26,6,0,1435,230,2470},
{60027,27,6,0,1488,236,2565},
{60028,28,6,0,1541,242,2660},
{60029,29,6,0,1595,248,2755},
{60030,30,6,0,1648,254,2850},
{60031,31,6,0,1701,260,2945},
{60032,32,6,0,1755,266,3040},
{60033,33,6,0,1808,272,3135},
{60034,34,6,0,1861,278,3230},
{60035,35,6,0,1915,284,3325},
{60036,36,6,0,1968,290,3420},
{60037,37,6,0,2021,296,3515},
{60038,38,6,0,2075,302,3610},
{60039,39,6,0,2128,308,3705},
{60040,40,6,0,2181,314,3800},
{60041,41,6,0,2235,320,3895},
{60042,42,6,0,2288,326,3990},
{60043,43,6,0,2341,332,4085},
{60044,44,6,0,2395,338,4180},
{60045,45,6,0,2448,344,4275},
{60046,46,6,0,2501,350,4370},
{60047,47,6,0,2555,356,4465},
{60048,48,6,0,2608,362,4560},
{60049,49,6,0,2661,368,4655},
{60050,50,6,0,2715,374,4750},
{60051,51,6,0,2768,380,4845},
{60052,52,6,0,2821,386,4940},
{60053,53,6,0,2875,392,5035},
{60054,54,6,0,2928,398,5130},
{60055,55,6,0,2981,404,5225},
{60056,56,6,0,3035,410,5320},
{60057,57,6,0,3088,416,5415},
{60058,58,6,0,3141,422,5510},
{60059,59,6,0,3195,428,5605},
{60060,60,6,0,3248,434,5700},
{60061,61,6,0,3301,440,5795},
{60062,62,6,0,3355,446,5890},
{60063,63,6,0,3408,452,5985},
{60064,64,6,0,3461,458,6080},
{60065,65,6,0,3515,464,6175},
{60066,66,6,0,3568,470,6270},
{60067,67,6,0,3621,476,6365},
{60068,68,6,0,3675,482,6460},
{60069,69,6,0,3728,488,6555},
{60070,70,6,0,3781,494,6650},
{60071,71,6,0,3835,500,6745},
{60072,72,6,0,3888,506,6840},
{60073,73,6,0,3941,512,6935},
{60074,74,6,0,3995,518,7030},
{60075,75,6,0,4048,524,7125},
{60076,76,6,0,4101,530,7220},
{60077,77,6,0,4155,536,7315},
{60078,78,6,0,4208,542,7410},
{60079,79,6,0,4261,548,7505},
{60080,80,6,0,4315,554,7600},
{60081,81,6,0,4368,560,7695},
{60082,82,6,0,4421,566,7790},
{60083,83,6,0,4475,572,7885},
{60084,84,6,0,4528,578,7980},
{60085,85,6,0,4581,584,8075},
{60086,86,6,0,4635,590,8170},
{60087,87,6,0,4688,596,8265},
{60088,88,6,0,4741,602,8360},
{60089,89,6,0,4795,608,8455},
{60090,90,6,0,4848,614,8550},
{60091,91,6,0,4901,620,8645},
{60092,92,6,0,4955,626,8740},
{60093,93,6,0,5008,632,8835},
{60094,94,6,0,5061,638,8930},
{60095,95,6,0,5115,644,9025},
{60096,96,6,0,5168,650,9120},
{60097,97,6,0,5221,656,9215},
{60098,98,6,0,5275,662,9310},
{60099,99,6,0,5328,668,9405},
{60100,100,6,0,5381,674,9500},
{60101,101,6,0,5434,680,9595},
{60102,102,6,0,5487,686,9690},
{60103,103,6,0,5540,692,9785},
{60104,104,6,0,5593,698,9880},
{60105,105,6,0,5646,704,9975},
{60106,106,6,0,5699,710,10070},
{60107,107,6,0,5752,716,10165},
{60108,108,6,0,5805,722,10260},
{60109,109,6,0,5858,728,10355},
{60110,110,6,0,5911,734,10450},
{60111,111,6,0,5964,740,10545},
{60112,112,6,0,6017,746,10640},
{60113,113,6,0,6070,752,10735},
{60114,114,6,0,6123,758,10830},
{60115,115,6,0,6176,764,10925},
{60116,116,6,0,6229,770,11020},
{60117,117,6,0,6282,776,11115},
{60118,118,6,0,6335,782,11210},
{60119,119,6,0,6388,788,11305},
{60120,120,6,0,6441,794,11400},
{60121,121,6,0,6494,800,11495},
{60122,122,6,0,6547,806,11590},
{60123,123,6,0,6600,812,11685},
{60124,124,6,0,6653,818,11780},
{60125,125,6,0,6706,824,11875},
{60126,126,6,0,6759,830,11970},
{60127,127,6,0,6812,836,12065},
{60128,128,6,0,6865,842,12160},
{60129,129,6,0,6918,848,12255},
{60130,130,6,0,6971,854,12350},
{60131,131,6,0,7024,860,12445},
{60132,132,6,0,7077,866,12540},
{60133,133,6,0,7130,872,12635},
{60134,134,6,0,7183,878,12730},
{60135,135,6,0,7236,884,12825},
{60136,136,6,0,7289,890,12920},
{60137,137,6,0,7342,896,13015},
{60138,138,6,0,7395,902,13110},
{60139,139,6,0,7448,908,13205},
{60140,140,6,0,7501,914,13300},
{60141,141,6,0,7554,920,13395},
{60142,142,6,0,7607,926,13490},
{60143,143,6,0,7660,932,13585},
{60144,144,6,0,7713,938,13680},
{60145,145,6,0,7766,944,13775},
{60146,146,6,0,7819,950,13870},
{60147,147,6,0,7872,956,13965},
{60148,148,6,0,7925,962,14060},
{60149,149,6,0,7978,968,14155},
{60150,150,6,0,8031,974,14250},
{60151,151,6,0,8084,980,14345},
{60152,152,6,0,8137,986,14440},
{60153,153,6,0,8190,992,14535},
{60154,154,6,0,8243,998,14630},
{60155,155,6,0,8296,1004,14725},
{60156,156,6,0,8349,1010,14820},
{60157,157,6,0,8402,1016,14915},
{60158,158,6,0,8455,1022,15010},
{60159,159,6,0,8508,1028,15105},
{60160,160,6,0,8561,1034,15200},
{60161,161,6,0,8614,1040,15295},
{60162,162,6,0,8667,1046,15390},
{60163,163,6,0,8720,1052,15485},
{60164,164,6,0,8773,1058,15580},
{60165,165,6,0,8826,1064,15675},
{60166,166,6,0,8879,1070,15770},
{60167,167,6,0,8932,1076,15865},
{60168,168,6,0,8985,1082,15960},
{60169,169,6,0,9038,1088,16055},
{60170,170,6,0,9091,1094,16150},
{60171,171,6,0,9144,1100,16245},
{60172,172,6,0,9197,1106,16340},
{60173,173,6,0,9250,1112,16435},
{60174,174,6,0,9303,1118,16530},
{60175,175,6,0,9356,1124,16625},
{60176,176,6,0,9409,1130,16720},
{60177,177,6,0,9462,1136,16815},
{60178,178,6,0,9515,1142,16910},
{60179,179,6,0,9568,1148,17005},
{60180,180,6,0,9621,1154,17100},
{60181,181,6,0,9674,1160,17195},
{60182,182,6,0,9727,1166,17290},
{60183,183,6,0,9780,1172,17385},
{60184,184,6,0,9833,1178,17480},
{60185,185,6,0,9886,1184,17575},
{60186,186,6,0,9939,1190,17670},
{60187,187,6,0,9992,1196,17765},
{60188,188,6,0,10045,1202,17860},
{60189,189,6,0,10098,1208,17955},
{60190,190,6,0,10151,1214,18050},
{60191,191,6,0,10204,1220,18145},
{60192,192,6,0,10257,1226,18240},
{60193,193,6,0,10310,1232,18335},
{60194,194,6,0,10363,1238,18430},
{60195,195,6,0,10416,1244,18525},
{60196,196,6,0,10469,1250,18620},
{60197,197,6,0,10522,1256,18715},
{60198,198,6,0,10575,1262,18810},
{60199,199,6,0,10628,1268,18905},
{60200,200,6,0,10681,1274,19000}
},
Len=2200
}
return e 
