local e=
{
ByIdx={
{5550001,5000000,30000,0,60000,0,0,0,0,0,0,0,0,0,0,0,0,0,0,0,0,1000,100},
{6660001,38000,4800,4500,70000,0,0,0,10000,0,0,0,0,0,0,0,0,0,0,0,0,1000,100},
{6660002,38000,4800,4500,70000,0,0,0,10000,0,0,0,0,0,0,0,0,0,0,0,0,1000,100},
{6660003,45000,3500,5000,70000,0,0,10000,0,0,0,0,0,0,0,0,0,0,0,0,0,1000,100},
{6660004,35000,6000,4000,70000,0,0,0,0,0,0,0,0,0,0,0,0,0,0,0,0,1000,100},
{6660005,45000,3500,5000,70000,0,0,10000,0,0,0,0,0,0,0,0,0,0,0,0,0,1000,100},
{6660006,35000,6000,4000,70000,0,0,0,0,0,0,0,0,0,0,0,0,0,0,0,0,1000,100},
{6660007,38000,4800,4500,70000,0,0,0,10000,0,0,0,0,0,0,0,0,0,0,0,0,1000,100},
{6660008,38000,4800,4500,70000,0,0,0,10000,0,0,0,0,0,0,0,0,0,0,0,0,1000,100},
{6660009,45000,3500,5000,70000,0,0,10000,0,0,0,0,0,0,0,0,0,0,0,0,0,1000,100},
{6660010,35000,6000,4000,70000,0,0,0,0,0,0,0,0,0,0,0,0,0,0,0,0,1000,100},
{6660011,45000,3500,5000,70000,0,0,10000,0,0,0,0,0,0,0,0,0,0,0,0,0,1000,100},
{6660012,35000,6000,4000,70000,0,0,0,0,0,0,0,0,0,0,0,0,0,0,0,0,1000,100}
},
Len=13
}
return e 
