local e=
{
ByIdx={
{1,10001,{10002,10003,10004,10005,10006,10007,10008,10009,10010,10011,10012,10013,10014,10015,10016},5},
{2,10101,{10102,10103,10104,10105,10106,10107,10108,10109,10110,10111,10112,10113,10114,10115,10116,10117,10118,10119,10120,10121,10122,10123},5},
{3,10201,{10202,10203,10204,10205,10206,10207,10208,10209,10210,10211,10212,10213,10214,10215,10216,10217,10218,10219,10220,10221,10222},5},
{4,10301,{10302,10303,10304,10305,10306,10307,10308,10309,10310,10311,10312,10313,10314,10315,10316,10317,10318,10319,10320,10321,10322},5},
{5,10401,{10402,10403,10404,10405,10406,10407,10408,10409,10410,10411,10412,10413,10414,10415,10416,10417,10418,10419,10420,10421,10422},5}
},
Len=5
}
return e 
