local e=
{
ByIdx={
{1,1,1,6,22,0,2},
{2,1,2,6,33,101,4},
{3,1,3,6,55,0,6},
{4,1,4,6,110,0,8},
{5,1,5,6,220,102,10},
{6,1,6,6,330,0,12},
{7,1,7,6,440,0,14},
{8,1,8,6,550,101,16},
{9,1,9,6,660,0,18},
{10,1,10,6,770,0,20},
{11,1,11,6,880,101,22},
{12,1,12,6,990,0,24},
{13,1,13,6,1210,0,26},
{14,1,14,6,1320,102,28},
{15,1,15,6,1430,0,30},
{16,1,16,6,1540,0,32},
{17,1,17,6,1650,101,34},
{18,1,18,6,1760,0,36},
{19,1,19,6,1870,0,38},
{20,1,20,6,1980,101,40},
{21,1,21,6,2090,0,42},
{22,1,22,6,2200,0,44},
{23,1,23,6,2310,102,46},
{24,1,24,6,2420,0,48},
{25,1,25,6,2530,0,50},
{26,1,26,6,2640,101,52},
{27,1,27,6,2750,0,54},
{28,1,28,6,2860,0,56},
{29,1,29,6,2970,101,58},
{30,1,30,6,3080,0,60},
{31,1,31,6,3190,0,62},
{32,1,32,6,3300,103,64},
{33,1,33,6,3410,0,66},
{34,1,34,6,3520,0,68},
{35,1,35,6,3630,101,70},
{36,1,36,6,3740,0,72},
{37,1,37,6,3850,0,74},
{38,1,38,6,3960,101,76},
{39,1,39,6,4070,0,78},
{40,1,40,6,4180,0,80},
{41,1,41,6,4290,101,82},
{42,1,42,6,4400,0,84},
{43,1,43,6,4510,0,86},
{44,1,44,6,4620,101,88},
{45,1,45,6,4730,0,90},
{46,1,46,6,4840,0,92},
{47,1,47,6,4950,101,94},
{48,1,48,6,5060,0,96},
{49,1,49,6,5170,0,98},
{50,1,50,6,5280,101,100},
{51,1,51,6,5390,0,102},
{52,1,52,6,5500,0,104},
{53,1,53,6,5610,0,106},
{54,1,54,6,5720,0,108},
{55,2,1,6,26,0,2},
{56,2,2,6,39,101,4},
{57,2,3,6,65,0,6},
{58,2,4,6,130,0,8},
{59,2,5,6,260,102,10},
{60,2,6,6,390,0,12},
{61,2,7,6,520,0,14},
{62,2,8,6,650,101,16},
{63,2,9,6,780,0,18},
{64,2,10,6,910,0,20},
{65,2,11,6,1040,101,22},
{66,2,12,6,1170,0,24},
{67,2,13,6,1430,0,26},
{68,2,14,6,1560,102,28},
{69,2,15,6,1690,0,30},
{70,2,16,6,1820,0,32},
{71,2,17,6,1950,101,34},
{72,2,18,6,2080,0,36},
{73,2,19,6,2210,0,38},
{74,2,20,6,2340,101,40},
{75,2,21,6,2470,0,42},
{76,2,22,6,2600,0,44},
{77,2,23,6,2730,102,46},
{78,2,24,6,2860,0,48},
{79,2,25,6,2990,0,50},
{80,2,26,6,3120,101,52},
{81,2,27,6,3250,0,54},
{82,2,28,6,3380,0,56},
{83,2,29,6,3510,101,58},
{84,2,30,6,3640,0,60},
{85,2,31,6,3770,0,62},
{86,2,32,6,3900,103,64},
{87,2,33,6,4030,0,66},
{88,2,34,6,4160,0,68},
{89,2,35,6,4290,101,70},
{90,2,36,6,4420,0,72},
{91,2,37,6,4550,0,74},
{92,2,38,6,4680,101,76},
{93,2,39,6,4810,0,78},
{94,2,40,6,4940,0,80},
{95,2,41,6,5070,101,82},
{96,2,42,6,5200,0,84},
{97,2,43,6,5330,0,86},
{98,2,44,6,5460,101,88},
{99,2,45,6,5590,0,90},
{100,2,46,6,5720,0,92},
{101,2,47,6,5850,101,94},
{102,2,48,6,5980,0,96},
{103,2,49,6,6110,0,98},
{104,2,50,6,6240,101,100},
{105,2,51,6,6370,0,102},
{106,2,52,6,6500,0,104},
{107,2,53,6,6630,101,106},
{108,2,54,6,6760,0,108},
{109,2,55,6,6890,0,110},
{110,2,56,6,7020,101,112},
{111,2,57,6,7150,0,114},
{112,2,58,6,7280,0,116},
{113,2,59,6,7410,0,118},
{114,2,60,6,7540,0,120},
{115,3,1,6,35,0,2},
{116,3,2,6,52,101,4},
{117,3,3,6,87,0,6},
{118,3,4,6,175,0,8},
{119,3,5,6,350,102,10},
{120,3,6,6,525,0,12},
{121,3,7,6,700,0,14},
{122,3,8,6,875,101,16},
{123,3,9,6,1050,0,18},
{124,3,10,6,1230,0,20},
{125,3,11,6,1400,101,22},
{126,3,12,6,1580,0,24},
{127,3,13,6,1930,0,26},
{128,3,14,6,2100,102,28},
{129,3,15,6,2280,0,30},
{130,3,16,6,2450,0,32},
{131,3,17,6,2630,101,34},
{132,3,18,6,2980,0,36},
{133,3,19,6,3330,0,38},
{134,3,20,6,3500,101,40},
{135,3,21,6,3760,0,42},
{136,3,22,6,4030,0,44},
{137,3,23,6,4290,102,46},
{138,3,24,6,4550,0,48},
{139,3,25,6,4730,0,50},
{140,3,26,6,4900,101,52},
{141,3,27,6,5080,0,54},
{142,3,28,6,5250,0,56},
{143,3,29,6,5430,101,58},
{144,3,30,6,5600,0,60},
{145,3,31,6,5780,0,62},
{146,3,32,6,5950,101,64},
{147,3,33,6,6130,0,66},
{148,3,34,6,6300,0,68},
{149,3,35,6,6480,103,70},
{150,3,36,6,6650,0,72},
{151,3,37,6,6830,0,74},
{152,3,38,6,7000,101,76},
{153,3,39,6,7180,0,78},
{154,3,40,6,7350,0,80},
{155,3,41,6,7530,101,82},
{156,3,42,6,7700,0,84},
{157,3,43,6,7880,0,86},
{158,3,44,6,8050,101,88},
{159,3,45,6,8230,0,90},
{160,3,46,6,8400,0,92},
{161,3,47,6,8580,101,94},
{162,3,48,6,8750,0,96},
{163,3,49,6,8930,0,98},
{164,3,50,6,9100,101,100},
{165,3,51,6,9280,0,102},
{166,3,52,6,9450,0,104},
{167,3,53,6,9630,101,106},
{168,3,54,6,9800,0,108},
{169,3,55,6,9980,0,110},
{170,3,56,6,10200,101,112},
{171,3,57,6,10300,0,114},
{172,3,58,6,10500,0,116},
{173,3,59,6,10700,101,118},
{174,3,60,6,10900,0,120},
{175,3,61,6,11000,0,122},
{176,3,62,6,11200,0,124},
{177,4,1,6,41,0,2},
{178,4,2,6,61,101,4},
{179,4,3,6,103,0,6},
{180,4,4,6,123,0,8},
{181,4,5,6,205,102,10},
{182,4,6,6,410,0,12},
{183,4,7,6,615,0,14},
{184,4,8,6,820,101,16},
{185,4,9,6,1030,0,18},
{186,4,10,6,1230,0,20},
{187,4,11,6,1440,101,22},
{188,4,12,6,1640,0,24},
{189,4,13,6,1850,0,26},
{190,4,14,6,2260,102,28},
{191,4,15,6,2460,0,30},
{192,4,16,6,2670,0,32},
{193,4,17,6,2870,101,34},
{194,4,18,6,3080,0,36},
{195,4,19,6,3490,0,38},
{196,4,20,6,3900,101,40},
{197,4,21,6,4100,0,42},
{198,4,22,6,4410,0,44},
{199,4,23,6,4720,102,46},
{200,4,24,6,5020,0,48},
{201,4,25,6,5330,0,50},
{202,4,26,6,5640,101,52},
{203,4,27,6,5950,0,54},
{204,4,28,6,6250,0,56},
{205,4,29,6,6560,101,58},
{206,4,30,6,6870,0,60},
{207,4,31,6,7180,0,62},
{208,4,32,6,7480,101,64},
{209,4,33,6,7790,0,66},
{210,4,34,6,8100,0,68},
{211,4,35,6,8410,103,70},
{212,4,36,6,8710,0,72},
{213,4,37,6,9020,0,74},
{214,4,38,6,9330,101,76},
{215,4,39,6,9640,0,78},
{216,4,40,6,9940,0,80},
{217,4,41,6,10300,101,82},
{218,4,42,6,10600,0,84},
{219,4,43,6,10900,0,86},
{220,4,44,6,11200,101,88},
{221,4,45,6,11500,0,90},
{222,4,46,6,11700,0,92},
{223,4,47,6,11900,101,94},
{224,4,48,6,12100,0,96},
{225,4,49,6,12300,0,98},
{226,4,50,6,12500,101,100},
{227,4,51,6,12700,0,102},
{228,4,52,6,12900,0,104},
{229,4,53,6,13100,101,106},
{230,4,54,6,13300,0,108},
{231,4,55,6,13500,0,110},
{232,4,56,6,13700,101,112},
{233,4,57,6,13900,0,114},
{234,4,58,6,14100,0,116},
{235,4,59,6,14400,101,118},
{236,4,60,6,14600,0,120},
{237,4,61,6,14800,0,122},
{238,4,62,6,15000,101,124},
{239,4,63,6,15200,0,126},
{240,4,64,6,15400,0,128},
{241,4,65,6,15600,101,130},
{242,4,66,6,15800,0,132},
{243,4,67,6,16000,0,134},
{244,4,68,6,16200,101,136},
{245,4,69,6,16400,0,138},
{246,4,70,6,16600,0,140},
{247,4,71,6,16800,101,142},
{248,4,72,6,17000,0,144},
{249,4,73,6,17200,0,146},
{250,4,74,6,17400,0,148},
{251,5,1,6,46,0,2},
{252,5,2,6,69,101,4},
{253,5,3,6,115,0,6},
{254,5,4,6,138,0,8},
{255,5,5,6,230,102,10},
{256,5,6,6,460,0,12},
{257,5,7,6,690,0,14},
{258,5,8,6,920,101,16},
{259,5,9,6,1150,0,18},
{260,5,10,6,1380,0,20},
{261,5,11,6,1610,101,22},
{262,5,12,6,1840,0,24},
{263,5,13,6,2070,0,26},
{264,5,14,6,2530,102,28},
{265,5,15,6,2760,0,30},
{266,5,16,6,2990,0,32},
{267,5,17,6,3220,101,34},
{268,5,18,6,3450,0,36},
{269,5,19,6,3910,0,38},
{270,5,20,6,4370,101,40},
{271,5,21,6,4600,0,42},
{272,5,22,6,4950,0,44},
{273,5,23,6,5290,102,46},
{274,5,24,6,5640,0,48},
{275,5,25,6,5980,0,50},
{276,5,26,6,6330,101,52},
{277,5,27,6,6670,0,54},
{278,5,28,6,7020,0,56},
{279,5,29,6,7360,101,58},
{280,5,30,6,7710,0,60},
{281,5,31,6,8050,0,62},
{282,5,32,6,8400,102,64},
{283,5,33,6,8740,0,66},
{284,5,34,6,9090,0,68},
{285,5,35,6,9430,101,70},
{286,5,36,6,9780,0,72},
{287,5,37,6,10100,0,74},
{288,5,38,6,10500,101,76},
{289,5,39,6,10800,0,78},
{290,5,40,6,11200,0,80},
{291,5,41,6,11500,103,82},
{292,5,42,6,11800,0,84},
{293,5,43,6,12200,0,86},
{294,5,44,6,12500,101,88},
{295,5,45,6,12900,0,90},
{296,5,46,6,13100,0,92},
{297,5,47,6,13200,101,94},
{298,5,48,6,13400,0,96},
{299,5,49,6,13800,0,98},
{300,5,50,6,14100,102,100},
{301,5,51,6,14600,0,102},
{302,5,52,6,15000,0,104},
{303,5,53,6,15300,101,106},
{304,5,54,6,15600,0,108},
{305,5,55,6,16100,0,110},
{306,5,56,6,16300,101,112},
{307,5,57,6,16600,0,114},
{308,5,58,6,17000,0,116},
{309,5,59,6,17700,101,118},
{310,5,60,6,18400,0,120},
{311,5,61,6,19100,0,122},
{312,5,62,6,19800,101,124},
{313,5,63,6,20500,0,126},
{314,5,64,6,21200,0,128},
{315,5,65,6,21900,101,130},
{316,5,66,6,22500,0,132},
{317,5,67,6,23200,0,134},
{318,5,68,6,23900,101,136},
{319,5,69,6,24600,0,138},
{320,5,70,6,25300,0,140},
{321,5,71,6,26000,101,142},
{322,5,72,6,26700,0,144},
{323,5,73,6,27400,0,146},
{324,5,74,6,28100,101,148},
{325,5,75,6,28800,0,150},
{326,5,76,6,29400,0,152},
{327,5,77,6,30100,0,154},
{328,5,78,6,30800,0,156},
{329,5,79,6,31500,0,158},
{330,5,80,6,32200,0,160},
{331,6,1,6,55,0,2},
{332,6,2,6,82,101,4},
{333,6,3,6,138,0,6},
{334,6,4,6,275,0,8},
{335,6,5,6,550,102,10},
{336,6,6,6,825,0,12},
{337,6,7,6,1100,0,14},
{338,6,8,6,1380,101,16},
{339,6,9,6,1650,0,18},
{340,6,10,6,1930,0,20},
{341,6,11,6,2200,101,22},
{342,6,12,6,2480,0,24},
{343,6,13,6,3030,0,26},
{344,6,14,6,3300,102,28},
{345,6,15,6,3580,0,30},
{346,6,16,6,3850,0,32},
{347,6,17,6,4130,101,34},
{348,6,18,6,4680,0,36},
{349,6,19,6,5230,0,38},
{350,6,20,6,5500,101,40},
{351,6,21,6,5910,0,42},
{352,6,22,6,6330,0,44},
{353,6,23,6,6740,102,46},
{354,6,24,6,7150,0,48},
{355,6,25,6,7560,0,50},
{356,6,26,6,7980,101,52},
{357,6,27,6,8390,0,54},
{358,6,28,6,8800,0,56},
{359,6,29,6,9210,101,58},
{360,6,30,6,9630,0,60},
{361,6,31,6,10000,0,62},
{362,6,32,6,10500,102,64},
{363,6,33,6,10900,0,66},
{364,6,34,6,11300,0,68},
{365,6,35,6,11700,101,70},
{366,6,36,6,12100,0,72},
{367,6,37,6,12500,0,74},
{368,6,38,6,12900,101,76},
{369,6,39,6,13300,0,78},
{370,6,40,6,13800,0,80},
{371,6,41,6,14200,102,82},
{372,6,42,6,14600,0,84},
{373,6,43,6,15000,0,86},
{374,6,44,6,15400,101,88},
{375,6,45,6,15600,0,90},
{376,6,46,6,15800,0,92},
{377,6,47,6,16000,103,94},
{378,6,48,6,16500,0,96},
{379,6,49,6,16800,0,98},
{380,6,50,6,17500,101,100},
{381,6,51,6,17900,0,102},
{382,6,52,6,18300,0,104},
{383,6,53,6,18700,101,106},
{384,6,54,6,19200,0,108},
{385,6,55,6,19700,0,110},
{386,6,56,6,20200,101,112},
{387,6,57,6,20700,0,114},
{388,6,58,6,21200,0,116},
{389,6,59,6,21700,101,118},
{390,6,60,6,22200,0,120},
{391,6,61,6,22700,0,122},
{392,6,62,6,23200,101,124},
{393,6,63,6,23700,0,126},
{394,6,64,6,24200,0,128},
{395,6,65,6,24800,101,130},
{396,6,66,6,25300,0,132},
{397,6,67,6,25900,0,134},
{398,6,68,6,26400,101,136},
{399,6,69,6,27000,0,138},
{400,6,70,6,27500,0,140},
{401,6,71,6,28100,101,142},
{402,6,72,6,28600,0,144},
{403,6,73,6,29200,0,146},
{404,6,74,6,29700,101,148},
{405,6,75,6,30300,0,150},
{406,6,76,6,30800,0,152},
{407,6,77,6,31400,101,154},
{408,6,78,6,31900,0,156},
{409,6,79,6,32500,0,158},
{410,6,80,6,33000,101,160},
{411,6,81,6,33600,0,162},
{412,6,82,6,34100,0,164},
{413,6,83,6,34700,0,166},
{414,6,84,6,35200,0,168},
{415,7,1,6,61,0,2},
{416,7,2,6,91,104,4},
{417,7,3,6,153,0,6},
{418,7,4,6,183,0,8},
{419,7,5,6,305,105,10},
{420,7,6,6,610,0,12},
{421,7,7,6,915,0,14},
{422,7,8,6,1220,104,16},
{423,7,9,6,1530,0,18},
{424,7,10,6,1830,0,20},
{425,7,11,6,2140,104,22},
{426,7,12,6,2440,0,24},
{427,7,13,6,2900,0,26},
{428,7,14,6,3360,105,28},
{429,7,15,6,3810,0,30},
{430,7,16,6,4270,0,32},
{431,7,17,6,4730,104,34},
{432,7,18,6,5190,0,36},
{433,7,19,6,5640,0,38},
{434,7,20,6,6100,104,40},
{435,7,21,6,6560,0,42},
{436,7,22,6,7020,0,44},
{437,7,23,6,7470,105,46},
{438,7,24,6,7930,0,48},
{439,7,25,6,8390,0,50},
{440,7,26,6,8850,104,52},
{441,7,27,6,9300,0,54},
{442,7,28,6,9760,0,56},
{443,7,29,6,10200,104,58},
{444,7,30,6,10700,0,60},
{445,7,31,6,11100,0,62},
{446,7,32,6,11600,105,64},
{447,7,33,6,12000,0,66},
{448,7,34,6,12500,0,68},
{449,7,35,6,13000,104,70},
{450,7,36,6,13400,0,72},
{451,7,37,6,13900,0,74},
{452,7,38,6,14300,104,76},
{453,7,39,6,14800,0,78},
{454,7,40,6,15300,0,80},
{455,7,41,6,15700,105,82},
{456,7,42,6,16200,0,84},
{457,7,43,6,16600,0,86},
{458,7,44,6,17100,104,88},
{459,7,45,6,17300,0,90},
{460,7,46,6,17500,0,92},
{461,7,47,6,17800,104,94},
{462,7,48,6,18300,0,96},
{463,7,49,6,18600,0,98},
{464,7,50,6,19400,106,100},
{465,7,51,6,19800,0,102},
{466,7,52,6,20300,0,104},
{467,7,53,6,20700,104,106},
{468,7,54,6,21300,0,108},
{469,7,55,6,21800,0,110},
{470,7,56,6,22400,104,112},
{471,7,57,6,23000,0,114},
{472,7,58,6,23500,0,116},
{473,7,59,6,24100,104,118},
{474,7,60,6,24600,0,120},
{475,7,61,6,25200,0,122},
{476,7,62,6,25700,104,124},
{477,7,63,6,26300,0,126},
{478,7,64,6,26800,0,128},
{479,7,65,6,27500,104,130},
{480,7,66,6,28100,0,132},
{481,7,67,6,28700,0,134},
{482,7,68,6,29300,104,136},
{483,7,69,6,29900,0,138},
{484,7,70,6,30500,0,140},
{485,7,71,6,31100,104,142},
{486,7,72,6,31700,0,144},
{487,7,73,6,32300,0,146},
{488,7,74,6,32900,104,148},
{489,7,75,6,33600,0,150},
{490,7,76,6,34200,0,152},
{491,7,77,6,34800,104,154},
{492,7,78,6,35400,0,156},
{493,7,79,6,36000,0,158},
{494,7,80,6,36600,104,160},
{495,7,81,6,37200,0,162},
{496,7,82,6,37800,0,164},
{497,7,83,6,38400,104,166},
{498,7,84,6,39000,0,168},
{499,7,85,6,39700,0,170},
{500,7,86,6,40300,104,172},
{501,7,87,6,40900,0,174},
{502,7,88,6,41500,0,176},
{503,7,89,6,42100,104,178},
{504,7,90,6,42700,0,180},
{505,7,91,6,43300,0,182},
{506,7,92,6,43900,0,184},
{507,7,93,6,44500,0,186},
{508,7,94,6,45100,0,188},
{509,8,1,6,68,0,2},
{510,8,2,6,102,104,4},
{511,8,3,6,170,0,6},
{512,8,4,6,204,0,8},
{513,8,5,6,340,105,10},
{514,8,6,6,680,0,12},
{515,8,7,6,1020,0,14},
{516,8,8,6,1360,104,16},
{517,8,9,6,1700,0,18},
{518,8,10,6,2040,0,20},
{519,8,11,6,2380,104,22},
{520,8,12,6,2720,0,24},
{521,8,13,6,3230,0,26},
{522,8,14,6,3740,105,28},
{523,8,15,6,4250,0,30},
{524,8,16,6,4760,0,32},
{525,8,17,6,5270,104,34},
{526,8,18,6,5780,0,36},
{527,8,19,6,6290,0,38},
{528,8,20,6,6800,104,40},
{529,8,21,6,7310,0,42},
{530,8,22,6,7820,0,44},
{531,8,23,6,8330,105,46},
{532,8,24,6,8840,0,48},
{533,8,25,6,9350,0,50},
{534,8,26,6,9860,104,52},
{535,8,27,6,10400,0,54},
{536,8,28,6,10900,0,56},
{537,8,29,6,11400,104,58},
{538,8,30,6,11900,0,60},
{539,8,31,6,12400,0,62},
{540,8,32,6,12900,105,64},
{541,8,33,6,13400,0,66},
{542,8,34,6,13900,0,68},
{543,8,35,6,14500,104,70},
{544,8,36,6,15000,0,72},
{545,8,37,6,15500,0,74},
{546,8,38,6,16000,104,76},
{547,8,39,6,16500,0,78},
{548,8,40,6,17000,0,80},
{549,8,41,6,17500,105,82},
{550,8,42,6,18000,0,84},
{551,8,43,6,18500,0,86},
{552,8,44,6,19000,104,88},
{553,8,45,6,19300,0,90},
{554,8,46,6,19500,0,92},
{555,8,47,6,19800,104,94},
{556,8,48,6,20400,0,96},
{557,8,49,6,20800,0,98},
{558,8,50,6,21600,104,100},
{559,8,51,6,22100,0,102},
{560,8,52,6,22600,0,104},
{561,8,53,6,23100,106,106},
{562,8,54,6,23700,0,108},
{563,8,55,6,24400,0,110},
{564,8,56,6,25000,104,112},
{565,8,57,6,25600,0,114},
{566,8,58,6,26200,0,116},
{567,8,59,6,26800,104,118},
{568,8,60,6,27400,0,120},
{569,8,61,6,28100,0,122},
{570,8,62,6,28700,104,124},
{571,8,63,6,29300,0,126},
{572,8,64,6,29900,0,128},
{573,8,65,6,30600,104,130},
{574,8,66,6,31600,0,132},
{575,8,67,6,32600,0,134},
{576,8,68,6,33700,104,136},
{577,8,69,6,34700,0,138},
{578,8,70,6,35700,0,140},
{579,8,71,6,36700,104,142},
{580,8,72,6,37700,0,144},
{581,8,73,6,38800,0,146},
{582,8,74,6,39800,104,148},
{583,8,75,6,40800,0,150},
{584,8,76,6,41800,0,152},
{585,8,77,6,42800,104,154},
{586,8,78,6,43900,0,156},
{587,8,79,6,44900,0,158},
{588,8,80,6,45900,104,160},
{589,8,81,6,46900,0,162},
{590,8,82,6,47900,0,164},
{591,8,83,6,49000,104,166},
{592,8,84,6,50000,0,168},
{593,8,85,6,51000,0,170},
{594,8,86,6,52000,104,172},
{595,8,87,6,53000,0,174},
{596,8,88,6,54100,0,176},
{597,8,89,6,55100,104,178},
{598,8,90,6,56100,0,180},
{599,8,91,6,57100,0,182},
{600,8,92,6,58100,104,184},
{601,8,93,6,59200,0,186},
{602,8,94,6,60200,0,188},
{603,8,95,6,61200,104,190},
{604,8,96,6,62200,0,192},
{605,8,97,6,63200,0,194},
{606,8,98,6,64300,104,196},
{607,8,99,6,65300,0,198},
{608,8,100,6,66300,0,200},
{609,8,101,6,67300,0,202},
{610,8,102,6,68300,0,204},
{611,9,1,6,74,0,2},
{612,9,2,6,111,104,4},
{613,9,3,6,185,0,6},
{614,9,4,6,222,0,8},
{615,9,5,6,370,105,10},
{616,9,6,6,740,0,12},
{617,9,7,6,1110,0,14},
{618,9,8,6,1480,104,16},
{619,9,9,6,1850,0,18},
{620,9,10,6,2220,0,20},
{621,9,11,6,2590,104,22},
{622,9,12,6,2960,0,24},
{623,9,13,6,3520,0,26},
{624,9,14,6,4070,105,28},
{625,9,15,6,4630,0,30},
{626,9,16,6,5180,0,32},
{627,9,17,6,5740,104,34},
{628,9,18,6,6290,0,36},
{629,9,19,6,6850,0,38},
{630,9,20,6,7400,104,40},
{631,9,21,6,7960,0,42},
{632,9,22,6,8510,0,44},
{633,9,23,6,9070,105,46},
{634,9,24,6,9620,0,48},
{635,9,25,6,10200,0,50},
{636,9,26,6,10700,104,52},
{637,9,27,6,11300,0,54},
{638,9,28,6,11800,0,56},
{639,9,29,6,12400,104,58},
{640,9,30,6,13000,0,60},
{641,9,31,6,13500,0,62},
{642,9,32,6,14100,105,64},
{643,9,33,6,14600,0,66},
{644,9,34,6,15200,0,68},
{645,9,35,6,15700,104,70},
{646,9,36,6,16300,0,72},
{647,9,37,6,16800,0,74},
{648,9,38,6,17400,104,76},
{649,9,39,6,17900,0,78},
{650,9,40,6,18500,0,80},
{651,9,41,6,19100,105,82},
{652,9,42,6,19600,0,84},
{653,9,43,6,20200,0,86},
{654,9,44,6,20700,104,88},
{655,9,45,6,21000,0,90},
{656,9,46,6,21200,0,92},
{657,9,47,6,21600,104,94},
{658,9,48,6,22100,0,96},
{659,9,49,6,22600,0,98},
{660,9,50,6,23500,105,100},
{661,9,51,6,24100,0,102},
{662,9,52,6,24600,0,104},
{663,9,53,6,25200,104,106},
{664,9,54,6,25800,0,108},
{665,9,55,6,26500,0,110},
{666,9,56,6,27200,104,112},
{667,9,57,6,27900,0,114},
{668,9,58,6,28500,0,116},
{669,9,59,6,29200,106,118},
{670,9,60,6,29900,0,120},
{671,9,61,6,30500,0,122},
{672,9,62,6,31200,104,124},
{673,9,63,6,31900,0,126},
{674,9,64,6,32600,0,128},
{675,9,65,6,33300,104,130},
{676,9,66,6,34400,0,132},
{677,9,67,6,35500,0,134},
{678,9,68,6,36600,105,136},
{679,9,69,6,38100,0,138},
{680,9,70,6,39200,0,140},
{681,9,71,6,40700,104,142},
{682,9,72,6,41800,0,144},
{683,9,73,6,43300,0,146},
{684,9,74,6,44400,104,148},
{685,9,75,6,45900,0,150},
{686,9,76,6,47000,0,152},
{687,9,77,6,48500,104,154},
{688,9,78,6,49600,0,156},
{689,9,79,6,51100,0,158},
{690,9,80,6,52200,104,160},
{691,9,81,6,53700,0,162},
{692,9,82,6,54800,0,164},
{693,9,83,6,56200,104,166},
{694,9,84,6,57400,0,168},
{695,9,85,6,58800,0,170},
{696,9,86,6,59900,104,172},
{697,9,87,6,61400,0,174},
{698,9,88,6,62500,0,176},
{699,9,89,6,64000,104,178},
{700,9,90,6,65100,0,180},
{701,9,91,6,66600,0,182},
{702,9,92,6,67700,104,184},
{703,9,93,6,69200,0,186},
{704,9,94,6,70300,0,188},
{705,9,95,6,71800,104,190},
{706,9,96,6,72900,0,192},
{707,9,97,6,74400,0,194},
{708,9,98,6,75500,104,196},
{709,9,99,6,77000,0,198},
{710,9,100,6,78100,0,200},
{711,9,101,6,79600,0,202},
{712,9,102,6,80700,0,204},
{713,9,103,6,82100,0,206},
{714,9,104,6,83300,0,208},
{715,10,1,6,79,0,2},
{716,10,2,6,119,104,4},
{717,10,3,6,198,0,6},
{718,10,4,6,237,0,8},
{719,10,5,6,395,105,10},
{720,10,6,6,790,0,12},
{721,10,7,6,1190,0,14},
{722,10,8,6,1580,104,16},
{723,10,9,6,1980,0,18},
{724,10,10,6,2370,0,20},
{725,10,11,6,2770,104,22},
{726,10,12,6,3160,0,24},
{727,10,13,6,3750,0,26},
{728,10,14,6,4350,105,28},
{729,10,15,6,4940,0,30},
{730,10,16,6,5530,0,32},
{731,10,17,6,6120,104,34},
{732,10,18,6,6720,0,36},
{733,10,19,6,7310,0,38},
{734,10,20,6,7900,104,40},
{735,10,21,6,8490,0,42},
{736,10,22,6,9090,0,44},
{737,10,23,6,9680,105,46},
{738,10,24,6,10300,0,48},
{739,10,25,6,10900,0,50},
{740,10,26,6,11500,104,52},
{741,10,27,6,12000,0,54},
{742,10,28,6,12600,0,56},
{743,10,29,6,13200,104,58},
{744,10,30,6,13800,0,60},
{745,10,31,6,14400,0,62},
{746,10,32,6,15000,105,64},
{747,10,33,6,15600,0,66},
{748,10,34,6,16200,0,68},
{749,10,35,6,16800,104,70},
{750,10,36,6,17400,0,72},
{751,10,37,6,18000,0,74},
{752,10,38,6,18600,104,76},
{753,10,39,6,19200,0,78},
{754,10,40,6,19800,0,80},
{755,10,41,6,20300,105,82},
{756,10,42,6,20900,0,84},
{757,10,43,6,21500,0,86},
{758,10,44,6,22100,104,88},
{759,10,45,6,22400,0,90},
{760,10,46,6,22700,0,92},
{761,10,47,6,23000,104,94},
{762,10,48,6,23600,0,96},
{763,10,49,6,24100,0,98},
{764,10,50,6,25100,105,100},
{765,10,51,6,25700,0,102},
{766,10,52,6,26300,0,104},
{767,10,53,6,26900,104,106},
{768,10,54,6,27600,0,108},
{769,10,55,6,28300,0,110},
{770,10,56,6,29000,104,112},
{771,10,57,6,29700,0,114},
{772,10,58,6,30500,0,116},
{773,10,59,6,31200,106,118},
{774,10,60,6,31900,0,120},
{775,10,61,6,32600,0,122},
{776,10,62,6,33300,104,124},
{777,10,63,6,34000,0,126},
{778,10,64,6,34800,0,128},
{779,10,65,6,35600,104,130},
{780,10,66,6,36700,0,132},
{781,10,67,6,37900,0,134},
{782,10,68,6,39100,105,136},
{783,10,69,6,40700,0,138},
{784,10,70,6,41900,0,140},
{785,10,71,6,43500,104,142},
{786,10,72,6,44600,0,144},
{787,10,73,6,46200,0,146},
{788,10,74,6,47400,104,148},
{789,10,75,6,49000,0,150},
{790,10,76,6,50200,0,152},
{791,10,77,6,51700,104,154},
{792,10,78,6,52900,0,156},
{793,10,79,6,54500,0,158},
{794,10,80,6,55700,104,160},
{795,10,81,6,57300,0,162},
{796,10,82,6,58500,0,164},
{797,10,83,6,60000,104,166},
{798,10,84,6,61200,0,168},
{799,10,85,6,62800,0,170},
{800,10,86,6,64000,104,172},
{801,10,87,6,65600,0,174},
{802,10,88,6,66800,0,176},
{803,10,89,6,68300,104,178},
{804,10,90,6,69500,0,180},
{805,10,91,6,71100,0,182},
{806,10,92,6,72300,104,184},
{807,10,93,6,73900,0,186},
{808,10,94,6,75100,0,188},
{809,10,95,6,76600,104,190},
{810,10,96,6,77800,0,192},
{811,10,97,6,79400,0,194},
{812,10,98,6,80600,104,196},
{813,10,99,6,82200,0,198},
{814,10,100,6,83300,0,200},
{815,10,101,6,84900,104,202},
{816,10,102,6,86100,0,204},
{817,10,103,6,87700,0,206},
{818,10,104,6,88900,0,208},
{819,11,1,6,83,0,2},
{820,11,2,6,125,107,4},
{821,11,3,6,208,0,6},
{822,11,4,6,249,0,8},
{823,11,5,6,415,108,10},
{824,11,6,6,830,0,12},
{825,11,7,6,1250,0,14},
{826,11,8,6,1660,107,16},
{827,11,9,6,2080,0,18},
{828,11,10,6,2490,0,20},
{829,11,11,6,2910,107,22},
{830,11,12,6,3320,0,24},
{831,11,13,6,3940,0,26},
{832,11,14,6,4570,108,28},
{833,11,15,6,5190,0,30},
{834,11,16,6,5810,0,32},
{835,11,17,6,6430,107,34},
{836,11,18,6,7060,0,36},
{837,11,19,6,7680,0,38},
{838,11,20,6,8300,107,40},
{839,11,21,6,8920,0,42},
{840,11,22,6,9550,0,44},
{841,11,23,6,10200,108,46},
{842,11,24,6,10800,0,48},
{843,11,25,6,11400,0,50},
{844,11,26,6,12000,107,52},
{845,11,27,6,12700,0,54},
{846,11,28,6,13300,0,56},
{847,11,29,6,13900,107,58},
{848,11,30,6,14500,0,60},
{849,11,31,6,15100,0,62},
{850,11,32,6,15800,108,64},
{851,11,33,6,16400,0,66},
{852,11,34,6,17000,0,68},
{853,11,35,6,17600,107,70},
{854,11,36,6,18300,0,72},
{855,11,37,6,18900,0,74},
{856,11,38,6,19500,107,76},
{857,11,39,6,20100,0,78},
{858,11,40,6,20800,0,80},
{859,11,41,6,21400,108,82},
{860,11,42,6,22000,0,84},
{861,11,43,6,22600,0,86},
{862,11,44,6,23200,107,88},
{863,11,45,6,23600,0,90},
{864,11,46,6,23800,0,92},
{865,11,47,6,24200,107,94},
{866,11,48,6,24800,0,96},
{867,11,49,6,25400,0,98},
{868,11,50,6,26400,108,100},
{869,11,51,6,27000,0,102},
{870,11,52,6,27600,0,104},
{871,11,53,6,28200,107,106},
{872,11,54,6,29000,0,108},
{873,11,55,6,29700,0,110},
{874,11,56,6,30500,107,112},
{875,11,57,6,31200,0,114},
{876,11,58,6,32000,0,116},
{877,11,59,6,32700,106,118},
{878,11,60,6,33500,0,120},
{879,11,61,6,34300,0,122},
{880,11,62,6,35000,107,124},
{881,11,63,6,35800,0,126},
{882,11,64,6,36500,0,128},
{883,11,65,6,37400,107,130},
{884,11,66,6,38600,0,132},
{885,11,67,6,39800,0,134},
{886,11,68,6,41100,108,136},
{887,11,69,6,42700,0,138},
{888,11,70,6,44000,0,140},
{889,11,71,6,45700,107,142},
{890,11,72,6,46900,0,144},
{891,11,73,6,48600,0,146},
{892,11,74,6,49800,107,148},
{893,11,75,6,51500,0,150},
{894,11,76,6,52700,0,152},
{895,11,77,6,54400,107,154},
{896,11,78,6,55600,0,156},
{897,11,79,6,57300,0,158},
{898,11,80,6,58500,107,160},
{899,11,81,6,60200,0,162},
{900,11,82,6,61400,0,164},
{901,11,83,6,63100,107,166},
{902,11,84,6,64300,0,168},
{903,11,85,6,66000,0,170},
{904,11,86,6,67200,107,172},
{905,11,87,6,68900,0,174},
{906,11,88,6,70100,0,176},
{907,11,89,6,71800,107,178},
{908,11,90,6,73000,0,180},
{909,11,91,6,74700,0,182},
{910,11,92,6,75900,107,184},
{911,11,93,6,77600,0,186},
{912,11,94,6,78900,0,188},
{913,11,95,6,80500,107,190},
{914,11,96,6,81800,0,192},
{915,11,97,6,83400,0,194},
{916,11,98,6,84700,107,196},
{917,11,99,6,86300,0,198},
{918,11,100,6,87600,0,200},
{919,11,101,6,89200,107,202},
{920,11,102,6,90500,0,204},
{921,11,103,6,92100,0,206},
{922,11,104,6,93400,0,208},
{923,12,1,6,88,0,2},
{924,12,2,6,132,107,4},
{925,12,3,6,220,0,6},
{926,12,4,6,264,0,8},
{927,12,5,6,440,108,10},
{928,12,6,6,880,0,12},
{929,12,7,6,1320,0,14},
{930,12,8,6,1760,107,16},
{931,12,9,6,2200,0,18},
{932,12,10,6,2640,0,20},
{933,12,11,6,3080,107,22},
{934,12,12,6,3520,0,24},
{935,12,13,6,4180,0,26},
{936,12,14,6,4840,108,28},
{937,12,15,6,5500,0,30},
{938,12,16,6,6160,0,32},
{939,12,17,6,6820,107,34},
{940,12,18,6,7480,0,36},
{941,12,19,6,8140,0,38},
{942,12,20,6,8800,107,40},
{943,12,21,6,9460,0,42},
{944,12,22,6,10100,0,44},
{945,12,23,6,10800,108,46},
{946,12,24,6,11400,0,48},
{947,12,25,6,12100,0,50},
{948,12,26,6,12800,107,52},
{949,12,27,6,13400,0,54},
{950,12,28,6,14100,0,56},
{951,12,29,6,14700,107,58},
{952,12,30,6,15400,0,60},
{953,12,31,6,16100,0,62},
{954,12,32,6,16700,108,64},
{955,12,33,6,17400,0,66},
{956,12,34,6,18000,0,68},
{957,12,35,6,18700,107,70},
{958,12,36,6,19400,0,72},
{959,12,37,6,20000,0,74},
{960,12,38,6,20700,107,76},
{961,12,39,6,21300,0,78},
{962,12,40,6,22000,0,80},
{963,12,41,6,22700,108,82},
{964,12,42,6,23300,0,84},
{965,12,43,6,24000,0,86},
{966,12,44,6,24600,107,88},
{967,12,45,6,25000,0,90},
{968,12,46,6,25200,0,92},
{969,12,47,6,25700,107,94},
{970,12,48,6,26300,0,96},
{971,12,49,6,26900,0,98},
{972,12,50,6,27900,108,100},
{973,12,51,6,28600,0,102},
{974,12,52,6,29300,0,104},
{975,12,53,6,29900,107,106},
{976,12,54,6,30700,0,108},
{977,12,55,6,31500,0,110},
{978,12,56,6,32300,107,112},
{979,12,57,6,33100,0,114},
{980,12,58,6,33900,0,116},
{981,12,59,6,34700,106,118},
{982,12,60,6,35500,0,120},
{983,12,61,6,36300,0,122},
{984,12,62,6,37100,107,124},
{985,12,63,6,37900,0,126},
{986,12,64,6,38700,0,128},
{987,12,65,6,39600,107,130},
{988,12,66,6,40900,0,132},
{989,12,67,6,42200,0,134},
{990,12,68,6,43600,108,136},
{991,12,69,6,45300,0,138},
{992,12,70,6,46600,0,140},
{993,12,71,6,48400,107,142},
{994,12,72,6,49700,0,144},
{995,12,73,6,51500,0,146},
{996,12,74,6,52800,107,148},
{997,12,75,6,54600,0,150},
{998,12,76,6,55900,0,152},
{999,12,77,6,57600,107,154},
{1000,12,78,6,59000,0,156},
{1001,12,79,6,60700,0,158},
{1002,12,80,6,62000,107,160},
{1003,12,81,6,63800,0,162},
{1004,12,82,6,65100,0,164},
{1005,12,83,6,66900,107,166},
{1006,12,84,6,68200,0,168},
{1007,12,85,6,70000,0,170},
{1008,12,86,6,71300,107,172},
{1009,12,87,6,73000,0,174},
{1010,12,88,6,74400,0,176},
{1011,12,89,6,76100,107,178},
{1012,12,90,6,77400,0,180},
{1013,12,91,6,79200,0,182},
{1014,12,92,6,80500,107,184},
{1015,12,93,6,82300,0,186},
{1016,12,94,6,83600,0,188},
{1017,12,95,6,85400,107,190},
{1018,12,96,6,86700,0,192},
{1019,12,97,6,88400,0,194},
{1020,12,98,6,89800,107,196},
{1021,12,99,6,91500,0,198},
{1022,12,100,6,92800,0,200},
{1023,12,101,6,94600,107,202},
{1024,12,102,6,95900,0,204},
{1025,12,103,6,97700,0,206},
{1026,12,104,6,99000,0,208},
{1027,13,1,6,92,0,2},
{1028,13,2,6,138,107,4},
{1029,13,3,6,230,0,6},
{1030,13,4,6,276,0,8},
{1031,13,5,6,460,108,10},
{1032,13,6,6,920,0,12},
{1033,13,7,6,1380,0,14},
{1034,13,8,6,1840,107,16},
{1035,13,9,6,2300,0,18},
{1036,13,10,6,2760,0,20},
{1037,13,11,6,3220,107,22},
{1038,13,12,6,3680,0,24},
{1039,13,13,6,4370,0,26},
{1040,13,14,6,5060,108,28},
{1041,13,15,6,5750,0,30},
{1042,13,16,6,6440,0,32},
{1043,13,17,6,7130,107,34},
{1044,13,18,6,7820,0,36},
{1045,13,19,6,8510,0,38},
{1046,13,20,6,9200,107,40},
{1047,13,21,6,9890,0,42},
{1048,13,22,6,10600,0,44},
{1049,13,23,6,11300,108,46},
{1050,13,24,6,12000,0,48},
{1051,13,25,6,12700,0,50},
{1052,13,26,6,13300,107,52},
{1053,13,27,6,14000,0,54},
{1054,13,28,6,14700,0,56},
{1055,13,29,6,15400,107,58},
{1056,13,30,6,16100,0,60},
{1057,13,31,6,16800,0,62},
{1058,13,32,6,17500,108,64},
{1059,13,33,6,18200,0,66},
{1060,13,34,6,18900,0,68},
{1061,13,35,6,19600,107,70},
{1062,13,36,6,20200,0,72},
{1063,13,37,6,20900,0,74},
{1064,13,38,6,21600,107,76},
{1065,13,39,6,22300,0,78},
{1066,13,40,6,23000,0,80},
{1067,13,41,6,23700,108,82},
{1068,13,42,6,24400,0,84},
{1069,13,43,6,25100,0,86},
{1070,13,44,6,25800,107,88},
{1071,13,45,6,26100,0,90},
{1072,13,46,6,26400,0,92},
{1073,13,47,6,26800,107,94},
{1074,13,48,6,27500,0,96},
{1075,13,49,6,28100,0,98},
{1076,13,50,6,29200,108,100},
{1077,13,51,6,29900,0,102},
{1078,13,52,6,30600,0,104},
{1079,13,53,6,31300,107,106},
{1080,13,54,6,32100,0,108},
{1081,13,55,6,33000,0,110},
{1082,13,56,6,33800,107,112},
{1083,13,57,6,34600,0,114},
{1084,13,58,6,35500,0,116},
{1085,13,59,6,36300,109,118},
{1086,13,60,6,37100,0,120},
{1087,13,61,6,38000,0,122},
{1088,13,62,6,38800,107,124},
{1089,13,63,6,39600,0,126},
{1090,13,64,6,40500,0,128},
{1091,13,65,6,41400,107,130},
{1092,13,66,6,42800,0,132},
{1093,13,67,6,44200,0,134},
{1094,13,68,6,45500,108,136},
{1095,13,69,6,47400,0,138},
{1096,13,70,6,48800,0,140},
{1097,13,71,6,50600,107,142},
{1098,13,72,6,52000,0,144},
{1099,13,73,6,53800,0,146},
{1100,13,74,6,55200,107,148},
{1101,13,75,6,57000,0,150},
{1102,13,76,6,58400,0,152},
{1103,13,77,6,60300,107,154},
{1104,13,78,6,61600,0,156},
{1105,13,79,6,63500,0,158},
{1106,13,80,6,64900,107,160},
{1107,13,81,6,66700,0,162},
{1108,13,82,6,68100,0,164},
{1109,13,83,6,69900,107,166},
{1110,13,84,6,71300,0,168},
{1111,13,85,6,73100,0,170},
{1112,13,86,6,74500,107,172},
{1113,13,87,6,76400,0,174},
{1114,13,88,6,77700,0,176},
{1115,13,89,6,79600,107,178},
{1116,13,90,6,81000,0,180},
{1117,13,91,6,82800,0,182},
{1118,13,92,6,84200,107,184},
{1119,13,93,6,86000,0,186},
{1120,13,94,6,87400,0,188},
{1121,13,95,6,89200,107,190},
{1122,13,96,6,90600,0,192},
{1123,13,97,6,92500,0,194},
{1124,13,98,6,93800,107,196},
{1125,13,99,6,95700,0,198},
{1126,13,100,6,97100,0,200},
{1127,13,101,6,98900,107,202},
{1128,13,102,6,100000,0,204},
{1129,13,103,6,102000,0,206},
{1130,13,104,6,104000,0,208},
{1131,14,1,6,96,0,2},
{1132,14,2,6,144,107,4},
{1133,14,3,6,240,0,6},
{1134,14,4,6,288,0,8},
{1135,14,5,6,480,108,10},
{1136,14,6,6,960,0,12},
{1137,14,7,6,1440,0,14},
{1138,14,8,6,1920,107,16},
{1139,14,9,6,2400,0,18},
{1140,14,10,6,2880,0,20},
{1141,14,11,6,3360,107,22},
{1142,14,12,6,3840,0,24},
{1143,14,13,6,4560,0,26},
{1144,14,14,6,5280,108,28},
{1145,14,15,6,6000,0,30},
{1146,14,16,6,6720,0,32},
{1147,14,17,6,7440,107,34},
{1148,14,18,6,8160,0,36},
{1149,14,19,6,8880,0,38},
{1150,14,20,6,9600,107,40},
{1151,14,21,6,10300,0,42},
{1152,14,22,6,11000,0,44},
{1153,14,23,6,11800,108,46},
{1154,14,24,6,12500,0,48},
{1155,14,25,6,13200,0,50},
{1156,14,26,6,13900,107,52},
{1157,14,27,6,14600,0,54},
{1158,14,28,6,15400,0,56},
{1159,14,29,6,16100,107,58},
{1160,14,30,6,16800,0,60},
{1161,14,31,6,17500,0,62},
{1162,14,32,6,18200,108,64},
{1163,14,33,6,19000,0,66},
{1164,14,34,6,19700,0,68},
{1165,14,35,6,20400,107,70},
{1166,14,36,6,21100,0,72},
{1167,14,37,6,21800,0,74},
{1168,14,38,6,22600,107,76},
{1169,14,39,6,23300,0,78},
{1170,14,40,6,24000,0,80},
{1171,14,41,6,24700,108,82},
{1172,14,42,6,25400,0,84},
{1173,14,43,6,26200,0,86},
{1174,14,44,6,26900,107,88},
{1175,14,45,6,27300,0,90},
{1176,14,46,6,27500,0,92},
{1177,14,47,6,28000,107,94},
{1178,14,48,6,28700,0,96},
{1179,14,49,6,29300,0,98},
{1180,14,50,6,30500,108,100},
{1181,14,51,6,31200,0,102},
{1182,14,52,6,31900,0,104},
{1183,14,53,6,32600,107,106},
{1184,14,54,6,33500,0,108},
{1185,14,55,6,34400,0,110},
{1186,14,56,6,35300,107,112},
{1187,14,57,6,36100,0,114},
{1188,14,58,6,37000,0,116},
{1189,14,59,6,37900,109,118},
{1190,14,60,6,38700,0,120},
{1191,14,61,6,39600,0,122},
{1192,14,62,6,40500,107,124},
{1193,14,63,6,41400,0,126},
{1194,14,64,6,42200,0,128},
{1195,14,65,6,43200,107,130},
{1196,14,66,6,44600,0,132},
{1197,14,67,6,46100,0,134},
{1198,14,68,6,47500,108,136},
{1199,14,69,6,49400,0,138},
{1200,14,70,6,50900,0,140},
{1201,14,71,6,52800,107,142},
{1202,14,72,6,54200,0,144},
{1203,14,73,6,56200,0,146},
{1204,14,74,6,57600,107,148},
{1205,14,75,6,59500,0,150},
{1206,14,76,6,61000,0,152},
{1207,14,77,6,62900,107,154},
{1208,14,78,6,64300,0,156},
{1209,14,79,6,66200,0,158},
{1210,14,80,6,67700,107,160},
{1211,14,81,6,69600,0,162},
{1212,14,82,6,71000,0,164},
{1213,14,83,6,73000,107,166},
{1214,14,84,6,74400,0,168},
{1215,14,85,6,76300,0,170},
{1216,14,86,6,77800,107,172},
{1217,14,87,6,79700,0,174},
{1218,14,88,6,81100,0,176},
{1219,14,89,6,83000,107,178},
{1220,14,90,6,84500,0,180},
{1221,14,91,6,86400,0,182},
{1222,14,92,6,87800,107,184},
{1223,14,93,6,89800,0,186},
{1224,14,94,6,91200,0,188},
{1225,14,95,6,93100,107,190},
{1226,14,96,6,94600,0,192},
{1227,14,97,6,96500,0,194},
{1228,14,98,6,97900,107,196},
{1229,14,99,6,99800,0,198},
{1230,14,100,6,101000,0,200},
{1231,14,101,6,103000,107,202},
{1232,14,102,6,105000,0,204},
{1233,14,103,6,107000,0,206},
{1234,14,104,6,108000,0,208},
{1235,15,1,6,101,0,2},
{1236,15,2,6,152,107,4},
{1237,15,3,6,253,0,6},
{1238,15,4,6,303,0,8},
{1239,15,5,6,505,108,10},
{1240,15,6,6,1010,0,12},
{1241,15,7,6,1520,0,14},
{1242,15,8,6,2020,107,16},
{1243,15,9,6,2530,0,18},
{1244,15,10,6,3030,0,20},
{1245,15,11,6,3540,107,22},
{1246,15,12,6,4040,0,24},
{1247,15,13,6,4800,0,26},
{1248,15,14,6,5560,108,28},
{1249,15,15,6,6310,0,30},
{1250,15,16,6,7070,0,32},
{1251,15,17,6,7830,107,34},
{1252,15,18,6,8590,0,36},
{1253,15,19,6,9340,0,38},
{1254,15,20,6,10100,107,40},
{1255,15,21,6,10900,0,42},
{1256,15,22,6,11600,0,44},
{1257,15,23,6,12400,108,46},
{1258,15,24,6,13100,0,48},
{1259,15,25,6,13900,0,50},
{1260,15,26,6,14600,107,52},
{1261,15,27,6,15400,0,54},
{1262,15,28,6,16200,0,56},
{1263,15,29,6,16900,107,58},
{1264,15,30,6,17700,0,60},
{1265,15,31,6,18400,0,62},
{1266,15,32,6,19200,108,64},
{1267,15,33,6,19900,0,66},
{1268,15,34,6,20700,0,68},
{1269,15,35,6,21500,107,70},
{1270,15,36,6,22200,0,72},
{1271,15,37,6,23000,0,74},
{1272,15,38,6,23700,107,76},
{1273,15,39,6,24500,0,78},
{1274,15,40,6,25300,0,80},
{1275,15,41,6,26000,108,82},
{1276,15,42,6,26800,0,84},
{1277,15,43,6,27500,0,86},
{1278,15,44,6,28300,107,88},
{1279,15,45,6,28700,0,90},
{1280,15,46,6,29000,0,92},
{1281,15,47,6,29500,107,94},
{1282,15,48,6,30200,0,96},
{1283,15,49,6,30900,0,98},
{1284,15,50,6,32100,108,100},
{1285,15,51,6,32800,0,102},
{1286,15,52,6,33600,0,104},
{1287,15,53,6,34300,107,106},
{1288,15,54,6,35300,0,108},
{1289,15,55,6,36200,0,110},
{1290,15,56,6,37100,107,112},
{1291,15,57,6,38000,0,114},
{1292,15,58,6,38900,0,116},
{1293,15,59,6,39800,109,118},
{1294,15,60,6,40800,0,120},
{1295,15,61,6,41700,0,122},
{1296,15,62,6,42600,107,124},
{1297,15,63,6,43500,0,126},
{1298,15,64,6,44400,0,128},
{1299,15,65,6,45500,107,130},
{1300,15,66,6,47000,0,132},
{1301,15,67,6,48500,0,134},
{1302,15,68,6,50000,108,136},
{1303,15,69,6,52000,0,138},
{1304,15,70,6,53500,0,140},
{1305,15,71,6,55600,107,142},
{1306,15,72,6,57100,0,144},
{1307,15,73,6,59100,0,146},
{1308,15,74,6,60600,107,148},
{1309,15,75,6,62600,0,150},
{1310,15,76,6,64100,0,152},
{1311,15,77,6,66200,107,154},
{1312,15,78,6,67700,0,156},
{1313,15,79,6,69700,0,158},
{1314,15,80,6,71200,107,160},
{1315,15,81,6,73200,0,162},
{1316,15,82,6,74700,0,164},
{1317,15,83,6,76800,107,166},
{1318,15,84,6,78300,0,168},
{1319,15,85,6,80300,0,170},
{1320,15,86,6,81800,107,172},
{1321,15,87,6,83800,0,174},
{1322,15,88,6,85300,0,176},
{1323,15,89,6,87400,107,178},
{1324,15,90,6,88900,0,180},
{1325,15,91,6,90900,0,182},
{1326,15,92,6,92400,107,184},
{1327,15,93,6,94400,0,186},
{1328,15,94,6,96000,0,188},
{1329,15,95,6,98000,107,190},
{1330,15,96,6,99500,0,192},
{1331,15,97,6,102000,0,194},
{1332,15,98,6,103000,107,196},
{1333,15,99,6,105000,0,198},
{1334,15,100,6,107000,0,200},
{1335,15,101,6,109000,107,202},
{1336,15,102,6,110000,0,204},
{1337,15,103,6,112000,0,206},
{1338,15,104,6,114000,0,208},
{1339,16,1,6,105,0,2},
{1340,16,2,6,158,107,4},
{1341,16,3,6,263,0,6},
{1342,16,4,6,315,0,8},
{1343,16,5,6,525,108,10},
{1344,16,6,6,1050,0,12},
{1345,16,7,6,1580,0,14},
{1346,16,8,6,2100,107,16},
{1347,16,9,6,2630,0,18},
{1348,16,10,6,3150,0,20},
{1349,16,11,6,3680,107,22},
{1350,16,12,6,4200,0,24},
{1351,16,13,6,4990,0,26},
{1352,16,14,6,5780,108,28},
{1353,16,15,6,6560,0,30},
{1354,16,16,6,7350,0,32},
{1355,16,17,6,8140,107,34},
{1356,16,18,6,8930,0,36},
{1357,16,19,6,9710,0,38},
{1358,16,20,6,10500,107,40},
{1359,16,21,6,11300,0,42},
{1360,16,22,6,12100,0,44},
{1361,16,23,6,12900,108,46},
{1362,16,24,6,13700,0,48},
{1363,16,25,6,14400,0,50},
{1364,16,26,6,15200,107,52},
{1365,16,27,6,16000,0,54},
{1366,16,28,6,16800,0,56},
{1367,16,29,6,17600,107,58},
{1368,16,30,6,18400,0,60},
{1369,16,31,6,19200,0,62},
{1370,16,32,6,20000,108,64},
{1371,16,33,6,20700,0,66},
{1372,16,34,6,21500,0,68},
{1373,16,35,6,22300,107,70},
{1374,16,36,6,23100,0,72},
{1375,16,37,6,23900,0,74},
{1376,16,38,6,24700,107,76},
{1377,16,39,6,25500,0,78},
{1378,16,40,6,26300,0,80},
{1379,16,41,6,27000,108,82},
{1380,16,42,6,27800,0,84},
{1381,16,43,6,28600,0,86},
{1382,16,44,6,29400,107,88},
{1383,16,45,6,29800,0,90},
{1384,16,46,6,30100,0,92},
{1385,16,47,6,30600,107,94},
{1386,16,48,6,31400,0,96},
{1387,16,49,6,32100,0,98},
{1388,16,50,6,33300,108,100},
{1389,16,51,6,34100,0,102},
{1390,16,52,6,34900,0,104},
{1391,16,53,6,35700,107,106},
{1392,16,54,6,36700,0,108},
{1393,16,55,6,37600,0,110},
{1394,16,56,6,38600,107,112},
{1395,16,57,6,39500,0,114},
{1396,16,58,6,40500,0,116},
{1397,16,59,6,41400,109,118},
{1398,16,60,6,42400,0,120},
{1399,16,61,6,43300,0,122},
{1400,16,62,6,44300,107,124},
{1401,16,63,6,45200,0,126},
{1402,16,64,6,46200,0,128},
{1403,16,65,6,47300,107,130},
{1404,16,66,6,48800,0,132},
{1405,16,67,6,50400,0,134},
{1406,16,68,6,52000,108,136},
{1407,16,69,6,54100,0,138},
{1408,16,70,6,55700,0,140},
{1409,16,71,6,57800,107,142},
{1410,16,72,6,59300,0,144},
{1411,16,73,6,61400,0,146},
{1412,16,74,6,63000,107,148},
{1413,16,75,6,65100,0,150},
{1414,16,76,6,66700,0,152},
{1415,16,77,6,68800,107,154},
{1416,16,78,6,70400,0,156},
{1417,16,79,6,72500,0,158},
{1418,16,80,6,74000,107,160},
{1419,16,81,6,76100,0,162},
{1420,16,82,6,77700,0,164},
{1421,16,83,6,79800,107,166},
{1422,16,84,6,81400,0,168},
{1423,16,85,6,83500,0,170},
{1424,16,86,6,85100,107,172},
{1425,16,87,6,87200,0,174},
{1426,16,88,6,88700,0,176},
{1427,16,89,6,90800,107,178},
{1428,16,90,6,92400,0,180},
{1429,16,91,6,94500,0,182},
{1430,16,92,6,96100,107,184},
{1431,16,93,6,98200,0,186},
{1432,16,94,6,99800,0,188},
{1433,16,95,6,102000,107,190},
{1434,16,96,6,103000,0,192},
{1435,16,97,6,106000,0,194},
{1436,16,98,6,107000,107,196},
{1437,16,99,6,109000,0,198},
{1438,16,100,6,111000,0,200},
{1439,16,101,6,113000,107,202},
{1440,16,102,6,114000,0,204},
{1441,16,103,6,117000,0,206},
{1442,16,104,6,118000,0,208},
{1443,17,1,6,110,0,2},
{1444,17,2,6,165,107,4},
{1445,17,3,6,275,0,6},
{1446,17,4,6,330,0,8},
{1447,17,5,6,550,108,10},
{1448,17,6,6,1100,0,12},
{1449,17,7,6,1650,0,14},
{1450,17,8,6,2200,107,16},
{1451,17,9,6,2750,0,18},
{1452,17,10,6,3300,0,20},
{1453,17,11,6,3850,107,22},
{1454,17,12,6,4400,0,24},
{1455,17,13,6,5230,0,26},
{1456,17,14,6,6050,108,28},
{1457,17,15,6,6880,0,30},
{1458,17,16,6,7700,0,32},
{1459,17,17,6,8530,107,34},
{1460,17,18,6,9350,0,36},
{1461,17,19,6,10200,0,38},
{1462,17,20,6,11000,107,40},
{1463,17,21,6,11800,0,42},
{1464,17,22,6,12700,0,44},
{1465,17,23,6,13500,108,46},
{1466,17,24,6,14300,0,48},
{1467,17,25,6,15100,0,50},
{1468,17,26,6,16000,107,52},
{1469,17,27,6,16800,0,54},
{1470,17,28,6,17600,0,56},
{1471,17,29,6,18400,107,58},
{1472,17,30,6,19300,0,60},
{1473,17,31,6,20100,0,62},
{1474,17,32,6,20900,108,64},
{1475,17,33,6,21700,0,66},
{1476,17,34,6,22600,0,68},
{1477,17,35,6,23400,107,70},
{1478,17,36,6,24200,0,72},
{1479,17,37,6,25000,0,74},
{1480,17,38,6,25900,107,76},
{1481,17,39,6,26700,0,78},
{1482,17,40,6,27500,0,80},
{1483,17,41,6,28300,108,82},
{1484,17,42,6,29200,0,84},
{1485,17,43,6,30000,0,86},
{1486,17,44,6,30800,107,88},
{1487,17,45,6,31200,0,90},
{1488,17,46,6,31600,0,92},
{1489,17,47,6,32100,107,94},
{1490,17,48,6,32900,0,96},
{1491,17,49,6,33600,0,98},
{1492,17,50,6,34900,108,100},
{1493,17,51,6,35800,0,102},
{1494,17,52,6,36600,0,104},
{1495,17,53,6,37400,107,106},
{1496,17,54,6,38400,0,108},
{1497,17,55,6,39400,0,110},
{1498,17,56,6,40400,107,112},
{1499,17,57,6,41400,0,114},
{1500,17,58,6,42400,0,116},
{1501,17,59,6,43400,109,118},
{1502,17,60,6,44400,0,120},
{1503,17,61,6,45400,0,122},
{1504,17,62,6,46400,107,124},
{1505,17,63,6,47400,0,126},
{1506,17,64,6,48400,0,128},
{1507,17,65,6,49500,107,130},
{1508,17,66,6,51200,0,132},
{1509,17,67,6,52800,0,134},
{1510,17,68,6,54500,108,136},
{1511,17,69,6,56700,0,138},
{1512,17,70,6,58300,0,140},
{1513,17,71,6,60500,107,142},
{1514,17,72,6,62200,0,144},
{1515,17,73,6,64400,0,146},
{1516,17,74,6,66000,107,148},
{1517,17,75,6,68200,0,150},
{1518,17,76,6,69900,0,152},
{1519,17,77,6,72100,107,154},
{1520,17,78,6,73700,0,156},
{1521,17,79,6,75900,0,158},
{1522,17,80,6,77600,107,160},
{1523,17,81,6,79800,0,162},
{1524,17,82,6,81400,0,164},
{1525,17,83,6,83600,107,166},
{1526,17,84,6,85300,0,168},
{1527,17,85,6,87500,0,170},
{1528,17,86,6,89100,107,172},
{1529,17,87,6,91300,0,174},
{1530,17,88,6,93000,0,176},
{1531,17,89,6,95200,107,178},
{1532,17,90,6,96800,0,180},
{1533,17,91,6,99000,0,182},
{1534,17,92,6,101000,107,184},
{1535,17,93,6,103000,0,186},
{1536,17,94,6,105000,0,188},
{1537,17,95,6,107000,107,190},
{1538,17,96,6,108000,0,192},
{1539,17,97,6,111000,0,194},
{1540,17,98,6,112000,107,196},
{1541,17,99,6,114000,0,198},
{1542,17,100,6,116000,0,200},
{1543,17,101,6,118000,107,202},
{1544,17,102,6,120000,0,204},
{1545,17,103,6,122000,0,206},
{1546,17,104,6,124000,0,208},
{1547,18,1,6,114,0,2},
{1548,18,2,6,171,107,4},
{1549,18,3,6,285,0,6},
{1550,18,4,6,342,0,8},
{1551,18,5,6,570,108,10},
{1552,18,6,6,1140,0,12},
{1553,18,7,6,1710,0,14},
{1554,18,8,6,2280,107,16},
{1555,18,9,6,2850,0,18},
{1556,18,10,6,3420,0,20},
{1557,18,11,6,3990,107,22},
{1558,18,12,6,4560,0,24},
{1559,18,13,6,5420,0,26},
{1560,18,14,6,6270,108,28},
{1561,18,15,6,7130,0,30},
{1562,18,16,6,7980,0,32},
{1563,18,17,6,8840,107,34},
{1564,18,18,6,9690,0,36},
{1565,18,19,6,10500,0,38},
{1566,18,20,6,11400,107,40},
{1567,18,21,6,12300,0,42},
{1568,18,22,6,13100,0,44},
{1569,18,23,6,14000,108,46},
{1570,18,24,6,14800,0,48},
{1571,18,25,6,15700,0,50},
{1572,18,26,6,16500,107,52},
{1573,18,27,6,17400,0,54},
{1574,18,28,6,18200,0,56},
{1575,18,29,6,19100,107,58},
{1576,18,30,6,20000,0,60},
{1577,18,31,6,20800,0,62},
{1578,18,32,6,21700,108,64},
{1579,18,33,6,22500,0,66},
{1580,18,34,6,23400,0,68},
{1581,18,35,6,24200,107,70},
{1582,18,36,6,25100,0,72},
{1583,18,37,6,25900,0,74},
{1584,18,38,6,26800,107,76},
{1585,18,39,6,27600,0,78},
{1586,18,40,6,28500,0,80},
{1587,18,41,6,29400,108,82},
{1588,18,42,6,30200,0,84},
{1589,18,43,6,31100,0,86},
{1590,18,44,6,31900,107,88},
{1591,18,45,6,32400,0,90},
{1592,18,46,6,32700,0,92},
{1593,18,47,6,33200,107,94},
{1594,18,48,6,34100,0,96},
{1595,18,49,6,34800,0,98},
{1596,18,50,6,36200,108,100},
{1597,18,51,6,37100,0,102},
{1598,18,52,6,37900,0,104},
{1599,18,53,6,38800,107,106},
{1600,18,54,6,39800,0,108},
{1601,18,55,6,40800,0,110},
{1602,18,56,6,41900,107,112},
{1603,18,57,6,42900,0,114},
{1604,18,58,6,43900,0,116},
{1605,18,59,6,45000,109,118},
{1606,18,60,6,46000,0,120},
{1607,18,61,6,47100,0,122},
{1608,18,62,6,48100,107,124},
{1609,18,63,6,49100,0,126},
{1610,18,64,6,50200,0,128},
{1611,18,65,6,51300,107,130},
{1612,18,66,6,53000,0,132},
{1613,18,67,6,54700,0,134},
{1614,18,68,6,56400,108,136},
{1615,18,69,6,58700,0,138},
{1616,18,70,6,60400,0,140},
{1617,18,71,6,62700,107,142},
{1618,18,72,6,64400,0,144},
{1619,18,73,6,66700,0,146},
{1620,18,74,6,68400,107,148},
{1621,18,75,6,70700,0,150},
{1622,18,76,6,72400,0,152},
{1623,18,77,6,74700,107,154},
{1624,18,78,6,76400,0,156},
{1625,18,79,6,78700,0,158},
{1626,18,80,6,80400,107,160},
{1627,18,81,6,82700,0,162},
{1628,18,82,6,84400,0,164},
{1629,18,83,6,86600,107,166},
{1630,18,84,6,88400,0,168},
{1631,18,85,6,90600,0,170},
{1632,18,86,6,92300,107,172},
{1633,18,87,6,94600,0,174},
{1634,18,88,6,96300,0,176},
{1635,18,89,6,98600,107,178},
{1636,18,90,6,100000,0,180},
{1637,18,91,6,103000,0,182},
{1638,18,92,6,104000,107,184},
{1639,18,93,6,107000,0,186},
{1640,18,94,6,108000,0,188},
{1641,18,95,6,111000,107,190},
{1642,18,96,6,112000,0,192},
{1643,18,97,6,115000,0,194},
{1644,18,98,6,116000,107,196},
{1645,18,99,6,119000,0,198},
{1646,18,100,6,120000,0,200},
{1647,18,101,6,123000,107,202},
{1648,18,102,6,124000,0,204},
{1649,18,103,6,127000,0,206},
{1650,18,104,6,128000,0,208},
{1651,19,1,6,118,0,2},
{1652,19,2,6,177,107,4},
{1653,19,3,6,295,0,6},
{1654,19,4,6,354,0,8},
{1655,19,5,6,590,108,10},
{1656,19,6,6,1180,0,12},
{1657,19,7,6,1770,0,14},
{1658,19,8,6,2360,107,16},
{1659,19,9,6,2950,0,18},
{1660,19,10,6,3540,0,20},
{1661,19,11,6,4130,107,22},
{1662,19,12,6,4720,0,24},
{1663,19,13,6,5610,0,26},
{1664,19,14,6,6490,108,28},
{1665,19,15,6,7380,0,30},
{1666,19,16,6,8260,0,32},
{1667,19,17,6,9150,107,34},
{1668,19,18,6,10000,0,36},
{1669,19,19,6,10900,0,38},
{1670,19,20,6,11800,107,40},
{1671,19,21,6,12700,0,42},
{1672,19,22,6,13600,0,44},
{1673,19,23,6,14500,108,46},
{1674,19,24,6,15300,0,48},
{1675,19,25,6,16200,0,50},
{1676,19,26,6,17100,107,52},
{1677,19,27,6,18000,0,54},
{1678,19,28,6,18900,0,56},
{1679,19,29,6,19800,107,58},
{1680,19,30,6,20700,0,60},
{1681,19,31,6,21500,0,62},
{1682,19,32,6,22400,108,64},
{1683,19,33,6,23300,0,66},
{1684,19,34,6,24200,0,68},
{1685,19,35,6,25100,107,70},
{1686,19,36,6,26000,0,72},
{1687,19,37,6,26800,0,74},
{1688,19,38,6,27700,107,76},
{1689,19,39,6,28600,0,78},
{1690,19,40,6,29500,0,80},
{1691,19,41,6,30400,108,82},
{1692,19,42,6,31300,0,84},
{1693,19,43,6,32200,0,86},
{1694,19,44,6,33000,107,88},
{1695,19,45,6,33500,0,90},
{1696,19,46,6,33800,0,92},
{1697,19,47,6,34400,107,94},
{1698,19,48,6,35300,0,96},
{1699,19,49,6,36000,0,98},
{1700,19,50,6,37500,108,100},
{1701,19,51,6,38400,0,102},
{1702,19,52,6,39200,0,104},
{1703,19,53,6,40100,107,106},
{1704,19,54,6,41200,0,108},
{1705,19,55,6,42300,0,110},
{1706,19,56,6,43300,107,112},
{1707,19,57,6,44400,0,114},
{1708,19,58,6,45500,0,116},
{1709,19,59,6,46600,109,118},
{1710,19,60,6,47600,0,120},
{1711,19,61,6,48700,0,122},
{1712,19,62,6,49800,107,124},
{1713,19,63,6,50800,0,126},
{1714,19,64,6,51900,0,128},
{1715,19,65,6,53100,107,130},
{1716,19,66,6,54900,0,132},
{1717,19,67,6,56600,0,134},
{1718,19,68,6,58400,108,136},
{1719,19,69,6,60800,0,138},
{1720,19,70,6,62500,0,140},
{1721,19,71,6,64900,107,142},
{1722,19,72,6,66700,0,144},
{1723,19,73,6,69000,0,146},
{1724,19,74,6,70800,107,148},
{1725,19,75,6,73200,0,150},
{1726,19,76,6,74900,0,152},
{1727,19,77,6,77300,107,154},
{1728,19,78,6,79100,0,156},
{1729,19,79,6,81400,0,158},
{1730,19,80,6,83200,107,160},
{1731,19,81,6,85600,0,162},
{1732,19,82,6,87300,0,164},
{1733,19,83,6,89700,107,166},
{1734,19,84,6,91500,0,168},
{1735,19,85,6,93800,0,170},
{1736,19,86,6,95600,107,172},
{1737,19,87,6,97900,0,174},
{1738,19,88,6,99700,0,176},
{1739,19,89,6,102000,107,178},
{1740,19,90,6,104000,0,180},
{1741,19,91,6,106000,0,182},
{1742,19,92,6,108000,107,184},
{1743,19,93,6,110000,0,186},
{1744,19,94,6,112000,0,188},
{1745,19,95,6,114000,107,190},
{1746,19,96,6,116000,0,192},
{1747,19,97,6,119000,0,194},
{1748,19,98,6,120000,107,196},
{1749,19,99,6,123000,0,198},
{1750,19,100,6,124000,0,200},
{1751,19,101,6,127000,107,202},
{1752,19,102,6,129000,0,204},
{1753,19,103,6,131000,0,206},
{1754,19,104,6,133000,0,208},
{1755,20,1,6,123,0,2},
{1756,20,2,6,185,107,4},
{1757,20,3,6,308,0,6},
{1758,20,4,6,369,0,8},
{1759,20,5,6,615,108,10},
{1760,20,6,6,1230,0,12},
{1761,20,7,6,1850,0,14},
{1762,20,8,6,2460,107,16},
{1763,20,9,6,3080,0,18},
{1764,20,10,6,3690,0,20},
{1765,20,11,6,4310,107,22},
{1766,20,12,6,4920,0,24},
{1767,20,13,6,5840,0,26},
{1768,20,14,6,6770,108,28},
{1769,20,15,6,7690,0,30},
{1770,20,16,6,8610,0,32},
{1771,20,17,6,9530,107,34},
{1772,20,18,6,10500,0,36},
{1773,20,19,6,11400,0,38},
{1774,20,20,6,12300,107,40},
{1775,20,21,6,13200,0,42},
{1776,20,22,6,14100,0,44},
{1777,20,23,6,15100,108,46},
{1778,20,24,6,16000,0,48},
{1779,20,25,6,16900,0,50},
{1780,20,26,6,17800,107,52},
{1781,20,27,6,18800,0,54},
{1782,20,28,6,19700,0,56},
{1783,20,29,6,20600,107,58},
{1784,20,30,6,21500,0,60},
{1785,20,31,6,22400,0,62},
{1786,20,32,6,23400,108,64},
{1787,20,33,6,24300,0,66},
{1788,20,34,6,25200,0,68},
{1789,20,35,6,26100,107,70},
{1790,20,36,6,27100,0,72},
{1791,20,37,6,28000,0,74},
{1792,20,38,6,28900,107,76},
{1793,20,39,6,29800,0,78},
{1794,20,40,6,30800,0,80},
{1795,20,41,6,31700,108,82},
{1796,20,42,6,32600,0,84},
{1797,20,43,6,33500,0,86},
{1798,20,44,6,34400,107,88},
{1799,20,45,6,34900,0,90},
{1800,20,46,6,35300,0,92},
{1801,20,47,6,35900,107,94},
{1802,20,48,6,36800,0,96},
{1803,20,49,6,37600,0,98},
{1804,20,50,6,39100,108,100},
{1805,20,51,6,40000,0,102},
{1806,20,52,6,40900,0,104},
{1807,20,53,6,41800,107,106},
{1808,20,54,6,42900,0,108},
{1809,20,55,6,44100,0,110},
{1810,20,56,6,45200,107,112},
{1811,20,57,6,46300,0,114},
{1812,20,58,6,47400,0,116},
{1813,20,59,6,48500,109,118},
{1814,20,60,6,49600,0,120},
{1815,20,61,6,50800,0,122},
{1816,20,62,6,51900,107,124},
{1817,20,63,6,53000,0,126},
{1818,20,64,6,54100,0,128},
{1819,20,65,6,55400,107,130},
{1820,20,66,6,57200,0,132},
{1821,20,67,6,59000,0,134},
{1822,20,68,6,60900,108,136},
{1823,20,69,6,63300,0,138},
{1824,20,70,6,65200,0,140},
{1825,20,71,6,67700,107,142},
{1826,20,72,6,69500,0,144},
{1827,20,73,6,72000,0,146},
{1828,20,74,6,73800,107,148},
{1829,20,75,6,76300,0,150},
{1830,20,76,6,78100,0,152},
{1831,20,77,6,80600,107,154},
{1832,20,78,6,82400,0,156},
{1833,20,79,6,84900,0,158},
{1834,20,80,6,86700,107,160},
{1835,20,81,6,89200,0,162},
{1836,20,82,6,91000,0,164},
{1837,20,83,6,93500,107,166},
{1838,20,84,6,95300,0,168},
{1839,20,85,6,97800,0,170},
{1840,20,86,6,99600,107,172},
{1841,20,87,6,102000,0,174},
{1842,20,88,6,104000,0,176},
{1843,20,89,6,106000,107,178},
{1844,20,90,6,108000,0,180},
{1845,20,91,6,111000,0,182},
{1846,20,92,6,113000,107,184},
{1847,20,93,6,115000,0,186},
{1848,20,94,6,117000,0,188},
{1849,20,95,6,119000,107,190},
{1850,20,96,6,121000,0,192},
{1851,20,97,6,124000,0,194},
{1852,20,98,6,125000,107,196},
{1853,20,99,6,128000,0,198},
{1854,20,100,6,130000,0,200},
{1855,20,101,6,132000,107,202},
{1856,20,102,6,134000,0,204},
{1857,20,103,6,137000,0,206},
{1858,20,104,6,138000,0,208},
{1859,101,1,6,46,0,100},
{1860,101,2,6,69,201,169},
{1861,101,3,6,115,0,215},
{1862,101,4,6,138,0,238},
{1863,101,5,6,230,202,330},
{1864,101,6,6,460,0,560},
{1865,101,7,6,690,0,790},
{1866,101,8,6,920,201,1020},
{1867,101,9,6,1150,0,1250},
{1868,101,10,6,1380,0,1480},
{1869,101,11,6,1610,201,1710},
{1870,101,12,6,1840,0,1940},
{1871,101,13,6,2070,0,2170},
{1872,101,14,6,2530,202,2630},
{1873,101,15,6,2760,0,2860},
{1874,101,16,6,2990,0,3090},
{1875,101,17,6,3220,201,3320},
{1876,101,18,6,3450,0,3550},
{1877,101,19,6,3910,0,4010},
{1878,101,20,6,4370,201,4470},
{1879,101,21,6,4600,0,4700},
{1880,101,22,6,4830,0,4930},
{1881,101,23,6,5060,202,5160},
{1882,101,24,6,5290,0,5390},
{1883,101,25,6,5520,0,5620},
{1884,101,26,6,5750,201,5850},
{1885,101,27,6,5980,0,6080},
{1886,101,28,6,6210,0,6310},
{1887,101,29,6,6440,201,6540},
{1888,101,30,6,6670,0,6770},
{1889,101,31,6,6900,0,7000},
{1890,101,32,6,7130,202,7230},
{1891,101,33,6,7360,0,7460},
{1892,101,34,6,7590,0,7690},
{1893,101,35,6,7820,201,7920},
{1894,101,36,6,8050,0,8150},
{1895,101,37,6,8280,0,8380},
{1896,101,38,6,8510,201,8610},
{1897,101,39,6,8740,0,8840},
{1898,101,40,6,8970,0,9070},
{1899,101,41,6,9200,202,9300},
{1900,101,42,6,9430,0,9530},
{1901,101,43,6,9660,0,9760},
{1902,101,44,6,9890,201,9990},
{1903,101,45,6,10100,0,10200},
{1904,101,46,6,10400,0,10500},
{1905,101,47,6,10600,201,10700},
{1906,101,48,6,10800,0,10900},
{1907,101,49,6,11000,0,11100},
{1908,101,50,6,11300,201,11400},
{1909,101,51,6,11500,0,11600},
{1910,101,52,6,11700,0,11800},
{1911,101,53,6,12000,201,12100},
{1912,101,54,6,12200,0,12300},
{1913,101,55,6,12400,0,12500},
{1914,101,56,6,12700,201,12800},
{1915,101,57,6,12900,0,13000},
{1916,101,58,6,13100,0,13200},
{1917,101,59,6,13300,203,13400},
{1918,101,60,6,13600,0,13700},
{1919,101,61,6,13800,0,13900},
{1920,101,62,6,14000,201,14100},
{1921,101,63,6,14300,0,14400},
{1922,101,64,6,14500,0,14600},
{1923,101,65,6,14700,201,14800},
{1924,101,66,6,15000,0,15100},
{1925,101,67,6,15200,0,15300},
{1926,101,68,6,15400,201,15500},
{1927,101,69,6,15600,0,15700},
{1928,101,70,6,15900,0,16000},
{1929,101,71,6,16100,201,16200},
{1930,101,72,6,16300,0,16400},
{1931,101,73,6,16600,0,16700},
{1932,101,74,6,16800,201,16900},
{1933,101,75,6,17000,0,17100},
{1934,101,76,6,17300,0,17400},
{1935,101,77,6,17500,201,17600},
{1936,101,78,6,17700,0,17800},
{1937,101,79,6,17900,0,18000},
{1938,101,80,6,18200,201,18300},
{1939,101,81,6,18400,0,18500},
{1940,101,82,6,18600,0,18700},
{1941,101,83,6,18900,0,19000},
{1942,101,84,6,19100,201,19200},
{1943,101,85,6,19300,0,19400},
{1944,101,86,6,19600,0,19700},
{1945,101,87,6,19800,0,19900},
{1946,101,88,6,20000,201,20100},
{1947,101,89,6,20200,0,20300},
{1948,101,90,6,20500,0,20600},
{1949,101,91,6,20700,0,20800},
{1950,101,92,6,20900,201,21000},
{1951,101,93,6,21200,0,21300},
{1952,101,94,6,21400,0,21500},
{1953,101,95,6,21600,0,21700},
{1954,101,96,6,21900,201,22000},
{1955,101,97,6,22100,0,22200},
{1956,101,98,6,22300,0,22400},
{1957,101,99,6,22500,0,22600},
{1958,101,100,6,22800,201,22900},
{1959,101,101,6,23000,0,10000},
{1960,101,102,6,23200,0,10000},
{1961,101,103,6,23500,0,10000},
{1962,101,104,6,23700,201,10000},
{1963,101,105,6,23900,0,10000},
{1964,101,106,6,24200,0,10000},
{1965,101,107,6,24400,0,10000},
{1966,101,108,6,24600,201,10000},
{1967,101,109,6,24800,0,10000},
{1968,101,110,6,25100,0,10000},
{1969,101,111,6,25300,0,10000},
{1970,101,112,6,25500,201,10000},
{1971,101,113,6,25800,0,10000},
{1972,101,114,6,26000,0,10000},
{1973,101,115,6,26200,0,10000},
{1974,101,116,6,26500,201,10000},
{1975,101,117,6,26700,0,10000},
{1976,101,118,6,26900,0,10000},
{1977,101,119,6,27100,0,10000},
{1978,101,120,6,27400,201,10000},
{1979,101,121,6,27600,0,10000},
{1980,101,122,6,27800,0,10000},
{1981,101,123,6,28100,0,10000},
{1982,101,124,6,28300,201,10000},
{1983,101,125,6,28500,0,10000},
{1984,101,126,6,28800,0,10000},
{1985,101,127,6,29000,0,10000},
{1986,101,128,6,29200,203,10000},
{1987,101,129,6,29400,0,10000},
{1988,101,130,6,29700,0,10000},
{1989,101,131,6,29900,0,10000},
{1990,101,132,6,30100,201,10000},
{1991,101,133,6,30400,0,10000},
{1992,101,134,6,30600,0,10000},
{1993,101,135,6,30800,0,10000},
{1994,101,136,6,31100,201,10000},
{1995,101,137,6,31300,0,10000},
{1996,101,138,6,31500,0,10000},
{1997,101,139,6,31700,0,10000},
{1998,101,140,6,32000,201,10000},
{1999,101,141,6,32200,0,10000},
{2000,101,142,6,32400,0,10000},
{2001,101,143,6,35700,0,10000},
{2002,101,144,6,39200,201,10000},
{2003,101,145,6,43200,0,10000},
{2004,101,146,6,47500,0,10000},
{2005,101,147,6,52200,0,10000},
{2006,101,148,6,57500,201,10000},
{2007,101,149,6,63200,0,10000},
{2008,101,150,6,69500,0,10000},
{2009,101,151,6,76500,0,10000},
{2010,101,152,6,84100,201,10000},
{2011,101,153,6,92500,0,10000},
{2012,101,154,6,102000,0,10000},
{2013,101,155,6,112000,0,10000},
{2014,101,156,6,123000,201,10000},
{2015,101,157,6,135000,0,10000},
{2016,101,158,6,149000,0,10000},
{2017,101,159,6,164000,0,10000},
{2018,101,160,6,180000,201,10000},
{2019,101,161,6,198000,0,10000},
{2020,101,162,6,218000,0,10000},
{2021,101,163,6,240000,0,10000},
{2022,101,164,6,264000,201,10000},
{2023,101,165,6,290000,0,10000},
{2024,101,166,6,319000,0,10000},
{2025,101,167,6,351000,0,10000},
{2026,101,168,6,386000,201,10000},
{2027,101,169,6,425000,0,10000},
{2028,101,170,6,468000,0,10000},
{2029,101,171,6,514000,0,10000},
{2030,101,172,6,566000,201,10000},
{2031,101,173,6,622000,0,10000},
{2032,101,174,6,685000,0,10000},
{2033,101,175,6,753000,0,10000},
{2034,101,176,6,761000,203,10000},
{2035,101,177,6,768000,0,10000},
{2036,101,178,6,776000,0,10000},
{2037,101,179,6,784000,0,10000},
{2038,101,180,6,792000,201,10000},
{2039,101,181,6,799000,0,10000},
{2040,101,182,6,807000,0,10000},
{2041,101,183,6,816000,0,10000},
{2042,101,184,6,824000,201,10000},
{2043,101,185,6,832000,0,10000},
{2044,101,186,6,840000,0,10000},
{2045,101,187,6,849000,0,10000},
{2046,101,188,6,857000,201,10000},
{2047,101,189,6,866000,0,10000},
{2048,101,190,6,874000,0,10000},
{2049,101,191,6,883000,0,10000},
{2050,101,192,6,892000,201,10000},
{2051,101,193,6,901000,0,10000},
{2052,101,194,6,910000,0,10000},
{2053,101,195,6,919000,0,10000},
{2054,102,1,6,928000,201,10000},
{2055,102,2,6,937000,0,10000},
{2056,102,3,6,947000,0,10000},
{2057,102,4,6,956000,0,10000},
{2058,102,5,6,966000,201,10000},
{2059,102,6,6,975000,0,10000},
{2060,102,7,6,985000,0,10000},
{2061,102,8,6,995000,0,10000},
{2062,102,9,6,1010000,201,10000},
{2063,102,10,6,1020000,0,10000},
{2064,102,11,6,1030000,0,10000},
{2065,102,12,6,1040000,0,10000},
{2066,102,13,6,1050000,201,10000},
{2067,102,14,6,1060000,0,10000},
{2068,102,15,6,1070000,0,10000},
{2069,102,16,6,1080000,0,10000},
{2070,102,17,6,1090000,201,10000},
{2071,102,18,6,1100000,0,10000},
{2072,102,19,6,1110000,0,10000},
{2073,102,20,6,1120000,0,10000},
{2074,102,21,6,1130000,201,10000},
{2075,102,22,6,1140000,0,10000},
{2076,102,23,6,1160000,0,10000},
{2077,102,24,6,1170000,0,10000},
{2078,102,25,6,1180000,201,10000},
{2079,102,26,6,1190000,0,10000},
{2080,102,27,6,1200000,0,10000},
{2081,102,28,6,1210000,0,10000},
{2082,102,29,6,1230000,201,10000},
{2083,102,30,6,1240000,0,10000},
{2084,102,31,6,1250000,0,10000},
{2085,102,32,6,1260000,0,10000},
{2086,102,33,6,1280000,201,10000},
{2087,102,34,6,1290000,0,10000},
{2088,102,35,6,1300000,0,10000},
{2089,102,36,6,1310000,0,10000},
{2090,102,37,6,1330000,201,10000},
{2091,102,38,6,1340000,0,10000},
{2092,102,39,6,1350000,0,10000},
{2093,102,40,6,1370000,0,10000},
{2094,102,41,6,1380000,201,10000},
{2095,102,42,6,1400000,0,10000},
{2096,102,43,6,1410000,0,10000},
{2097,102,44,6,1420000,0,10000},
{2098,102,45,6,1440000,201,10000},
{2099,102,46,6,1450000,0,10000},
{2100,102,47,6,1470000,0,10000},
{2101,102,48,6,1480000,0,10000},
{2102,102,49,6,1500000,201,10000},
{2103,102,50,6,1510000,0,10000},
{2104,102,51,6,1530000,0,10000},
{2105,102,52,6,1540000,0,10000},
{2106,102,53,6,1560000,201,10000},
{2107,102,54,6,1570000,0,10000},
{2108,102,55,6,1590000,0,10000},
{2109,102,56,6,1600000,0,10000},
{2110,102,57,6,1620000,201,10000},
{2111,102,58,6,1640000,0,10000},
{2112,102,59,6,1650000,0,10000},
{2113,102,60,6,1670000,0,10000},
{2114,102,61,6,1690000,203,10000},
{2115,102,62,6,1700000,0,10000},
{2116,102,63,6,1720000,0,10000},
{2117,102,64,6,1740000,0,10000},
{2118,102,65,6,1750000,201,10000},
{2119,102,66,6,1770000,0,10000},
{2120,102,67,6,1790000,0,10000},
{2121,102,68,6,1810000,0,10000},
{2122,102,69,6,1830000,201,10000},
{2123,102,70,6,1840000,0,10000},
{2124,102,71,6,1860000,0,10000},
{2125,102,72,6,1880000,0,10000},
{2126,102,73,6,1900000,201,10000},
{2127,102,74,6,1920000,0,10000},
{2128,102,75,6,1940000,0,10000},
{2129,102,76,6,1960000,0,10000},
{2130,102,77,6,1980000,201,10000},
{2131,102,78,6,2000000,0,10000},
{2132,102,79,6,2020000,0,10000},
{2133,102,80,6,2040000,0,10000},
{2134,102,81,6,2060000,201,10000},
{2135,102,82,6,2080000,0,10000},
{2136,102,83,6,2100000,0,10000},
{2137,102,84,6,2120000,0,10000},
{2138,102,85,6,2140000,201,10000},
{2139,102,86,6,2160000,0,10000},
{2140,102,87,6,2180000,0,10000},
{2141,102,88,6,2210000,0,10000},
{2142,102,89,6,2230000,201,10000},
{2143,102,90,6,2250000,0,10000},
{2144,102,91,6,2270000,0,10000},
{2145,102,92,6,2300000,0,10000},
{2146,102,93,6,2320000,201,10000},
{2147,102,94,6,2340000,0,10000},
{2148,102,95,6,2360000,0,10000},
{2149,102,96,6,2390000,0,10000},
{2150,102,97,6,2410000,201,10000},
{2151,102,98,6,2440000,0,10000},
{2152,102,99,6,2460000,0,10000},
{2153,102,100,6,2490000,0,10000},
{2154,102,101,6,2510000,203,10000},
{2155,102,102,6,2540000,0,10000},
{2156,102,103,6,2560000,0,10000},
{2157,102,104,6,2590000,0,10000},
{2158,103,1,6,2610000,201,10000},
{2159,103,2,6,2640000,0,10000},
{2160,103,3,6,2660000,0,10000},
{2161,103,4,6,2690000,0,10000},
{2162,103,5,6,2720000,201,10000},
{2163,103,6,6,2750000,0,10000},
{2164,103,7,6,2770000,0,10000},
{2165,103,8,6,2800000,0,10000},
{2166,103,9,6,2830000,201,10000},
{2167,103,10,6,2860000,0,10000},
{2168,103,11,6,2890000,0,10000},
{2169,103,12,6,2910000,0,10000},
{2170,103,13,6,2940000,201,10000},
{2171,103,14,6,2970000,0,10000},
{2172,103,15,6,3000000,0,10000},
{2173,103,16,6,3030000,0,10000},
{2174,103,17,6,3060000,201,10000},
{2175,103,18,6,3090000,0,10000},
{2176,103,19,6,3120000,0,10000},
{2177,103,20,6,3160000,0,10000},
{2178,103,21,6,3190000,201,10000},
{2179,103,22,6,3220000,0,10000},
{2180,103,23,6,3250000,0,10000},
{2181,103,24,6,3280000,0,10000},
{2182,103,25,6,3320000,201,10000},
{2183,103,26,6,3350000,0,10000},
{2184,103,27,6,3380000,0,10000},
{2185,103,28,6,3420000,0,10000},
{2186,103,29,6,3450000,201,10000},
{2187,103,30,6,3490000,0,10000},
{2188,103,31,6,3520000,0,10000},
{2189,103,32,6,3560000,0,10000},
{2190,103,33,6,3590000,201,10000},
{2191,103,34,6,3630000,0,10000},
{2192,103,35,6,3660000,0,10000},
{2193,103,36,6,3700000,0,10000},
{2194,103,37,6,3740000,201,10000},
{2195,103,38,6,3770000,0,10000},
{2196,103,39,6,3810000,0,10000},
{2197,103,40,6,3850000,0,10000},
{2198,103,41,6,3890000,201,10000},
{2199,103,42,6,3930000,0,10000},
{2200,103,43,6,3970000,0,10000},
{2201,103,44,6,4010000,0,10000},
{2202,103,45,6,4050000,201,10000},
{2203,103,46,6,4090000,0,10000},
{2204,103,47,6,4130000,0,10000},
{2205,103,48,6,4170000,0,10000},
{2206,103,49,6,4210000,201,10000},
{2207,103,50,6,4250000,0,10000},
{2208,103,51,6,4300000,0,10000},
{2209,103,52,6,4340000,0,10000},
{2210,103,53,6,4380000,201,10000},
{2211,103,54,6,4430000,0,10000},
{2212,103,55,6,4470000,0,10000},
{2213,103,56,6,4520000,0,10000},
{2214,103,57,6,4560000,201,10000},
{2215,103,58,6,4610000,0,10000},
{2216,103,59,6,4650000,0,10000},
{2217,103,60,6,4700000,0,10000},
{2218,103,61,6,4750000,203,10000},
{2219,103,62,6,4790000,0,10000},
{2220,103,63,6,4840000,0,10000},
{2221,103,64,6,4890000,0,10000},
{2222,103,65,6,4940000,201,10000},
{2223,103,66,6,4990000,0,10000},
{2224,103,67,6,5040000,0,10000},
{2225,103,68,6,5090000,0,10000},
{2226,103,69,6,5140000,201,10000},
{2227,103,70,6,5190000,0,10000},
{2228,103,71,6,5240000,0,10000},
{2229,103,72,6,5290000,0,10000},
{2230,103,73,6,5350000,201,10000},
{2231,103,74,6,5400000,0,10000},
{2232,103,75,6,5460000,0,10000},
{2233,103,76,6,5510000,0,10000},
{2234,103,77,6,5560000,201,10000},
{2235,103,78,6,5620000,0,10000},
{2236,103,79,6,5680000,0,10000},
{2237,103,80,6,5730000,0,10000},
{2238,103,81,6,5790000,201,10000},
{2239,103,82,6,5850000,0,10000},
{2240,103,83,6,5910000,0,10000},
{2241,103,84,6,5970000,0,10000},
{2242,103,85,6,6030000,201,10000},
{2243,103,86,6,6090000,0,10000},
{2244,103,87,6,6150000,0,10000},
{2245,103,88,6,6210000,0,10000},
{2246,103,89,6,6270000,201,10000},
{2247,103,90,6,6330000,0,10000},
{2248,103,91,6,6400000,0,10000},
{2249,103,92,6,6460000,0,10000},
{2250,103,93,6,6530000,201,10000},
{2251,103,94,6,6590000,0,10000},
{2252,103,95,6,6660000,0,10000},
{2253,103,96,6,6720000,0,10000},
{2254,103,97,6,6790000,201,10000},
{2255,103,98,6,6860000,0,10000},
{2256,103,99,6,6930000,0,10000},
{2257,103,100,6,7000000,0,10000},
{2258,103,101,6,7070000,203,10000},
{2259,103,102,6,7140000,0,10000},
{2260,103,103,6,7210000,0,10000},
{2261,103,104,6,7280000,0,10000},
{2262,201,1,6,7350000,201,10000},
{2263,201,2,6,7430000,0,10000},
{2264,201,3,6,7500000,0,10000},
{2265,201,4,6,7580000,0,10000},
{2266,201,5,6,7650000,201,10000},
{2267,201,6,6,7730000,0,10000},
{2268,201,7,6,7800000,0,10000},
{2269,201,8,6,7880000,0,10000},
{2270,201,9,6,7960000,201,10000},
{2271,201,10,6,8040000,0,10000},
{2272,201,11,6,8120000,0,10000},
{2273,201,12,6,8200000,0,10000},
{2274,201,13,6,8290000,201,10000},
{2275,201,14,6,8370000,0,10000},
{2276,201,15,6,8450000,0,10000},
{2277,201,16,6,8540000,0,10000},
{2278,201,17,6,8620000,201,10000},
{2279,201,18,6,8710000,0,10000},
{2280,201,19,6,8790000,0,10000},
{2281,201,20,6,8880000,0,10000},
{2282,201,21,6,8970000,201,10000},
{2283,201,22,6,9060000,0,10000},
{2284,201,23,6,9150000,0,10000},
{2285,201,24,6,9240000,0,10000},
{2286,201,25,6,9340000,201,10000},
{2287,201,26,6,9430000,0,10000},
{2288,201,27,6,9520000,0,10000},
{2289,201,28,6,9620000,0,10000},
{2290,201,29,6,9710000,201,10000},
{2291,201,30,6,9810000,0,10000},
{2292,201,31,6,9910000,0,10000},
{2293,201,32,6,10000000,0,10000},
{2294,201,33,6,10100000,201,10000},
{2295,201,34,6,10200000,0,10000},
{2296,201,35,6,10300000,0,10000},
{2297,201,36,6,10400000,0,10000},
{2298,201,37,6,10500000,201,10000},
{2299,201,38,6,10600000,0,10000},
{2300,201,39,6,10700000,0,10000},
{2301,201,40,6,10800000,0,10000},
{2302,201,41,6,10900000,201,10000},
{2303,201,42,6,11100000,0,10000},
{2304,201,43,6,11200000,0,10000},
{2305,201,44,6,11300000,0,10000},
{2306,201,45,6,11400000,201,10000},
{2307,201,46,6,11500000,0,10000},
{2308,201,47,6,11600000,0,10000},
{2309,201,48,6,11700000,0,10000},
{2310,201,49,6,11900000,201,10000},
{2311,201,50,6,12000000,0,10000},
{2312,201,51,6,12100000,0,10000},
{2313,201,52,6,12200000,0,10000},
{2314,201,53,6,12300000,201,10000},
{2315,201,54,6,12500000,0,10000},
{2316,201,55,6,12600000,0,10000},
{2317,201,56,6,12700000,0,10000},
{2318,201,57,6,12800000,201,10000},
{2319,201,58,6,13000000,0,10000},
{2320,201,59,6,13100000,0,10000},
{2321,201,60,6,13200000,0,10000},
{2322,201,61,6,13400000,203,10000},
{2323,201,62,6,13500000,0,10000},
{2324,201,63,6,13600000,0,10000},
{2325,201,64,6,13800000,0,10000},
{2326,201,65,6,13900000,201,10000},
{2327,201,66,6,14000000,0,10000},
{2328,201,67,6,14200000,0,10000},
{2329,201,68,6,14300000,0,10000},
{2330,201,69,6,14500000,201,10000},
{2331,201,70,6,14600000,0,10000},
{2332,201,71,6,14800000,0,10000},
{2333,201,72,6,14900000,0,10000},
{2334,201,73,6,15100000,201,10000},
{2335,201,74,6,15200000,0,10000},
{2336,201,75,6,15400000,0,10000},
{2337,201,76,6,15500000,0,10000},
{2338,201,77,6,15700000,201,10000},
{2339,201,78,6,15800000,0,10000},
{2340,201,79,6,16000000,0,10000},
{2341,201,80,6,16100000,0,10000},
{2342,201,81,6,16300000,201,10000},
{2343,201,82,6,16500000,0,10000},
{2344,201,83,6,16600000,0,10000},
{2345,201,84,6,16800000,0,10000},
{2346,201,85,6,17000000,201,10000},
{2347,201,86,6,17100000,0,10000},
{2348,201,87,6,17300000,0,10000},
{2349,201,88,6,17500000,0,10000},
{2350,201,89,6,17600000,201,10000},
{2351,201,90,6,17800000,0,10000},
{2352,201,91,6,18000000,0,10000},
{2353,201,92,6,18200000,0,10000},
{2354,201,93,6,18400000,201,10000},
{2355,201,94,6,18500000,0,10000},
{2356,201,95,6,18700000,0,10000},
{2357,201,96,6,18900000,0,10000},
{2358,201,97,6,19100000,201,10000},
{2359,201,98,6,19300000,0,10000},
{2360,201,99,6,19500000,0,10000},
{2361,201,100,6,19700000,0,10000},
{2362,201,101,6,19900000,203,10000},
{2363,201,102,6,20100000,0,10000},
{2364,201,103,6,20300000,0,10000},
{2365,201,104,6,20500000,0,10000},
{2366,202,1,6,20700000,201,10000},
{2367,202,2,6,20900000,0,10000},
{2368,202,3,6,21100000,0,10000},
{2369,202,4,6,21300000,0,10000},
{2370,202,5,6,21500000,201,10000},
{2371,202,6,6,21800000,0,10000},
{2372,202,7,6,22000000,0,10000},
{2373,202,8,6,22200000,0,10000},
{2374,202,9,6,22400000,201,10000},
{2375,202,10,6,22600000,0,10000},
{2376,202,11,6,22900000,0,10000},
{2377,202,12,6,23100000,0,10000},
{2378,202,13,6,23300000,201,10000},
{2379,202,14,6,23600000,0,10000},
{2380,202,15,6,23800000,0,10000},
{2381,202,16,6,24000000,0,10000},
{2382,202,17,6,24300000,201,10000},
{2383,202,18,6,24500000,0,10000},
{2384,202,19,6,24800000,0,10000},
{2385,202,20,6,25000000,0,10000},
{2386,202,21,6,25300000,201,10000},
{2387,202,22,6,25500000,0,10000},
{2388,202,23,6,25800000,0,10000},
{2389,202,24,6,26000000,0,10000},
{2390,202,25,6,26300000,201,10000},
{2391,202,26,6,26500000,0,10000},
{2392,202,27,6,26800000,0,10000},
{2393,202,28,6,27100000,0,10000},
{2394,202,29,6,27300000,201,10000},
{2395,202,30,6,27600000,0,10000},
{2396,202,31,6,27900000,0,10000},
{2397,202,32,6,28200000,0,10000},
{2398,202,33,6,28500000,201,10000},
{2399,202,34,6,28700000,0,10000},
{2400,202,35,6,29000000,0,10000},
{2401,202,36,6,29300000,0,10000},
{2402,202,37,6,29600000,201,10000},
{2403,202,38,6,29900000,0,10000},
{2404,202,39,6,30200000,0,10000},
{2405,202,40,6,30500000,0,10000},
{2406,202,41,6,30800000,201,10000},
{2407,202,42,6,31100000,0,10000},
{2408,202,43,6,31400000,0,10000},
{2409,202,44,6,31700000,0,10000},
{2410,202,45,6,32100000,201,10000},
{2411,202,46,6,32400000,0,10000},
{2412,202,47,6,32700000,0,10000},
{2413,202,48,6,33000000,0,10000},
{2414,202,49,6,33400000,201,10000},
{2415,202,50,6,33700000,0,10000},
{2416,202,51,6,34000000,0,10000},
{2417,202,52,6,34400000,0,10000},
{2418,202,53,6,34700000,201,10000},
{2419,202,54,6,35100000,0,10000},
{2420,202,55,6,35400000,0,10000},
{2421,202,56,6,35800000,0,10000},
{2422,202,57,6,36100000,201,10000},
{2423,202,58,6,36500000,0,10000},
{2424,202,59,6,36900000,0,10000},
{2425,202,60,6,37200000,0,10000},
{2426,202,61,6,37600000,203,10000},
{2427,202,62,6,38000000,0,10000},
{2428,202,63,6,38400000,0,10000},
{2429,202,64,6,38700000,0,10000},
{2430,202,65,6,39100000,201,10000},
{2431,202,66,6,39500000,0,10000},
{2432,202,67,6,39900000,0,10000},
{2433,202,68,6,40300000,0,10000},
{2434,202,69,6,40700000,201,10000},
{2435,202,70,6,41100000,0,10000},
{2436,202,71,6,41500000,0,10000},
{2437,202,72,6,41900000,0,10000},
{2438,202,73,6,42400000,201,10000},
{2439,202,74,6,42800000,0,10000},
{2440,202,75,6,43200000,0,10000},
{2441,202,76,6,43600000,0,10000},
{2442,202,77,6,44100000,201,10000},
{2443,202,78,6,44500000,0,10000},
{2444,202,79,6,45000000,0,10000},
{2445,202,80,6,45400000,0,10000},
{2446,202,81,6,45900000,201,10000},
{2447,202,82,6,46300000,0,10000},
{2448,202,83,6,46800000,0,10000},
{2449,202,84,6,47300000,0,10000},
{2450,202,85,6,47700000,201,10000},
{2451,202,86,6,48200000,0,10000},
{2452,202,87,6,48700000,0,10000},
{2453,202,88,6,49200000,0,10000},
{2454,202,89,6,49700000,201,10000},
{2455,202,90,6,50200000,0,10000},
{2456,202,91,6,50700000,0,10000},
{2457,202,92,6,51200000,0,10000},
{2458,202,93,6,51700000,201,10000},
{2459,202,94,6,52200000,0,10000},
{2460,202,95,6,52700000,0,10000},
{2461,202,96,6,53300000,0,10000},
{2462,202,97,6,53800000,201,10000},
{2463,202,98,6,54300000,0,10000},
{2464,202,99,6,54900000,0,10000},
{2465,202,100,6,55400000,0,10000},
{2466,202,101,6,56000000,203,10000},
{2467,202,102,6,56500000,0,10000},
{2468,202,103,6,57100000,0,10000},
{2469,202,104,6,57700000,0,10000},
{2470,203,1,6,58200000,201,10000},
{2471,203,2,6,58800000,0,10000},
{2472,203,3,6,59400000,0,10000},
{2473,203,4,6,60000000,0,10000},
{2474,203,5,6,60600000,201,10000},
{2475,203,6,6,61200000,0,10000},
{2476,203,7,6,61800000,0,10000},
{2477,203,8,6,62400000,0,10000},
{2478,203,9,6,63100000,201,10000},
{2479,203,10,6,63700000,0,10000},
{2480,203,11,6,64300000,0,10000},
{2481,203,12,6,65000000,0,10000},
{2482,203,13,6,65600000,201,10000},
{2483,203,14,6,66300000,0,10000},
{2484,203,15,6,67000000,0,10000},
{2485,203,16,6,67600000,0,10000},
{2486,203,17,6,68300000,201,10000},
{2487,203,18,6,69000000,0,10000},
{2488,203,19,6,69700000,0,10000},
{2489,203,20,6,70400000,0,10000},
{2490,203,21,6,71100000,201,10000},
{2491,203,22,6,71800000,0,10000},
{2492,203,23,6,72500000,0,10000},
{2493,203,24,6,73200000,0,10000},
{2494,203,25,6,74000000,201,10000},
{2495,203,26,6,74700000,0,10000},
{2496,203,27,6,75400000,0,10000},
{2497,203,28,6,76200000,0,10000},
{2498,203,29,6,77000000,201,10000},
{2499,203,30,6,77700000,0,10000},
{2500,203,31,6,78500000,0,10000},
{2501,203,32,6,79300000,0,10000},
{2502,203,33,6,80100000,201,10000},
{2503,203,34,6,80900000,0,10000},
{2504,203,35,6,81700000,0,10000},
{2505,203,36,6,82500000,0,10000},
{2506,203,37,6,83300000,201,10000},
{2507,203,38,6,84200000,0,10000},
{2508,203,39,6,85000000,0,10000},
{2509,203,40,6,85900000,0,10000},
{2510,203,41,6,86700000,201,10000},
{2511,203,42,6,87600000,0,10000},
{2512,203,43,6,88500000,0,10000},
{2513,203,44,6,89400000,0,10000},
{2514,203,45,6,90200000,201,10000},
{2515,203,46,6,91100000,0,10000},
{2516,203,47,6,92100000,0,10000},
{2517,203,48,6,93000000,0,10000},
{2518,203,49,6,93900000,201,10000},
{2519,203,50,6,94800000,0,10000},
{2520,203,51,6,95800000,0,10000},
{2521,203,52,6,96800000,0,10000},
{2522,203,53,6,97700000,201,10000},
{2523,203,54,6,98700000,0,10000},
{2524,203,55,6,99700000,0,10000},
{2525,203,56,6,101000000,0,10000},
{2526,203,57,6,102000000,201,10000},
{2527,203,58,6,103000000,0,10000},
{2528,203,59,6,104000000,0,10000},
{2529,203,60,6,105000000,0,10000},
{2530,203,61,6,106000000,203,10000},
{2531,203,62,6,107000000,0,10000},
{2532,203,63,6,108000000,0,10000},
{2533,203,64,6,109000000,0,10000},
{2534,203,65,6,110000000,201,10000},
{2535,203,66,6,111000000,0,10000},
{2536,203,67,6,112000000,0,10000},
{2537,203,68,6,113000000,0,10000},
{2538,203,69,6,115000000,201,10000},
{2539,203,70,6,116000000,0,10000},
{2540,203,71,6,117000000,0,10000},
{2541,203,72,6,118000000,0,10000},
{2542,203,73,6,119000000,201,10000},
{2543,203,74,6,120000000,0,10000},
{2544,203,75,6,122000000,0,10000},
{2545,203,76,6,123000000,0,10000},
{2546,203,77,6,124000000,201,10000},
{2547,203,78,6,125000000,0,10000},
{2548,203,79,6,127000000,0,10000},
{2549,203,80,6,128000000,0,10000},
{2550,203,81,6,129000000,201,10000},
{2551,203,82,6,130000000,0,10000},
{2552,203,83,6,132000000,0,10000},
{2553,203,84,6,133000000,0,10000},
{2554,203,85,6,134000000,201,10000},
{2555,203,86,6,136000000,0,10000},
{2556,203,87,6,137000000,0,10000},
{2557,203,88,6,138000000,0,10000},
{2558,203,89,6,140000000,201,10000},
{2559,203,90,6,141000000,0,10000},
{2560,203,91,6,143000000,0,10000},
{2561,203,92,6,144000000,0,10000},
{2562,203,93,6,145000000,201,10000},
{2563,203,94,6,147000000,0,10000},
{2564,203,95,6,148000000,0,10000},
{2565,203,96,6,150000000,0,10000},
{2566,203,97,6,151000000,201,10000},
{2567,203,98,6,153000000,0,10000},
{2568,203,99,6,154000000,0,10000},
{2569,203,100,6,156000000,0,10000},
{2570,203,101,6,158000000,203,10000},
{2571,203,102,6,159000000,0,10000},
{2572,203,103,6,161000000,0,10000},
{2573,203,104,6,162000000,0,10000},
{2574,204,1,6,164000000,201,10000},
{2575,204,2,6,166000000,0,10000},
{2576,204,3,6,167000000,0,10000},
{2577,204,4,6,169000000,0,10000},
{2578,204,5,6,171000000,201,10000},
{2579,204,6,6,172000000,0,10000},
{2580,204,7,6,174000000,0,10000},
{2581,204,8,6,176000000,0,10000},
{2582,204,9,6,178000000,201,10000},
{2583,204,10,6,179000000,0,10000},
{2584,204,11,6,181000000,0,10000},
{2585,204,12,6,183000000,0,10000},
{2586,204,13,6,185000000,201,10000},
{2587,204,14,6,187000000,0,10000},
{2588,204,15,6,188000000,0,10000},
{2589,204,16,6,190000000,0,10000},
{2590,204,17,6,192000000,201,10000},
{2591,204,18,6,194000000,0,10000},
{2592,204,19,6,196000000,0,10000},
{2593,204,20,6,198000000,0,10000},
{2594,204,21,6,200000000,201,10000},
{2595,204,22,6,202000000,0,10000},
{2596,204,23,6,204000000,0,10000},
{2597,204,24,6,206000000,0,10000},
{2598,204,25,6,208000000,201,10000},
{2599,204,26,6,210000000,0,10000},
{2600,204,27,6,212000000,0,10000},
{2601,204,28,6,214000000,0,10000},
{2602,204,29,6,217000000,201,10000},
{2603,204,30,6,219000000,0,10000},
{2604,204,31,6,221000000,0,10000},
{2605,204,32,6,223000000,0,10000},
{2606,204,33,6,225000000,201,10000},
{2607,204,34,6,228000000,0,10000},
{2608,204,35,6,230000000,0,10000},
{2609,204,36,6,232000000,0,10000},
{2610,204,37,6,235000000,201,10000},
{2611,204,38,6,237000000,0,10000},
{2612,204,39,6,239000000,0,10000},
{2613,204,40,6,242000000,0,10000},
{2614,204,41,6,244000000,201,10000},
{2615,204,42,6,247000000,0,10000},
{2616,204,43,6,249000000,0,10000},
{2617,204,44,6,251000000,0,10000},
{2618,204,45,6,254000000,201,10000},
{2619,204,46,6,257000000,0,10000},
{2620,204,47,6,259000000,0,10000},
{2621,204,48,6,262000000,0,10000},
{2622,204,49,6,264000000,201,10000},
{2623,204,50,6,267000000,0,10000},
{2624,204,51,6,270000000,0,10000},
{2625,204,52,6,272000000,0,10000},
{2626,204,53,6,275000000,201,10000},
{2627,204,54,6,278000000,0,10000},
{2628,204,55,6,281000000,0,10000},
{2629,204,56,6,283000000,0,10000},
{2630,204,57,6,286000000,201,10000},
{2631,204,58,6,289000000,0,10000},
{2632,204,59,6,292000000,0,10000},
{2633,204,60,6,295000000,0,10000},
{2634,204,61,6,298000000,203,10000},
{2635,204,62,6,301000000,0,10000},
{2636,204,63,6,304000000,0,10000},
{2637,204,64,6,307000000,0,10000},
{2638,204,65,6,310000000,201,10000},
{2639,204,66,6,313000000,0,10000},
{2640,204,67,6,316000000,0,10000},
{2641,204,68,6,319000000,0,10000},
{2642,204,69,6,323000000,201,10000},
{2643,204,70,6,326000000,0,10000},
{2644,204,71,6,329000000,0,10000},
{2645,204,72,6,332000000,0,10000},
{2646,204,73,6,336000000,201,10000},
{2647,204,74,6,339000000,0,10000},
{2648,204,75,6,342000000,0,10000},
{2649,204,76,6,346000000,0,10000},
{2650,204,77,6,349000000,201,10000},
{2651,204,78,6,353000000,0,10000},
{2652,204,79,6,356000000,0,10000},
{2653,204,80,6,360000000,0,10000},
{2654,204,81,6,363000000,201,10000},
{2655,204,82,6,367000000,0,10000},
{2656,204,83,6,371000000,0,10000},
{2657,204,84,6,374000000,0,10000},
{2658,204,85,6,378000000,201,10000},
{2659,204,86,6,382000000,0,10000},
{2660,204,87,6,386000000,0,10000},
{2661,204,88,6,390000000,0,10000},
{2662,204,89,6,394000000,201,10000},
{2663,204,90,6,397000000,0,10000},
{2664,204,91,6,401000000,0,10000},
{2665,204,92,6,405000000,0,10000},
{2666,204,93,6,410000000,201,10000},
{2667,204,94,6,414000000,0,10000},
{2668,204,95,6,418000000,0,10000},
{2669,204,96,6,422000000,0,10000},
{2670,204,97,6,426000000,201,10000},
{2671,204,98,6,430000000,0,10000},
{2672,204,99,6,435000000,0,10000},
{2673,204,100,6,439000000,0,10000},
{2674,204,101,6,443000000,203,10000},
{2675,204,102,6,448000000,0,10000},
{2676,204,103,6,452000000,0,10000},
{2677,204,104,6,457000000,0,10000},
{2678,205,1,6,461000000,201,10000},
{2679,205,2,6,466000000,0,10000},
{2680,205,3,6,471000000,0,10000},
{2681,205,4,6,475000000,0,10000},
{2682,205,5,6,480000000,201,10000},
{2683,205,6,6,485000000,0,10000},
{2684,205,7,6,490000000,0,10000},
{2685,205,8,6,495000000,0,10000},
{2686,205,9,6,500000000,201,10000},
{2687,205,10,6,505000000,0,10000},
{2688,205,11,6,510000000,0,10000},
{2689,205,12,6,515000000,0,10000},
{2690,205,13,6,520000000,201,10000},
{2691,205,14,6,525000000,0,10000},
{2692,205,15,6,530000000,0,10000},
{2693,205,16,6,536000000,0,10000},
{2694,205,17,6,541000000,201,10000},
{2695,205,18,6,546000000,0,10000},
{2696,205,19,6,552000000,0,10000},
{2697,205,20,6,557000000,0,10000},
{2698,205,21,6,563000000,201,10000},
{2699,205,22,6,569000000,0,10000},
{2700,205,23,6,574000000,0,10000},
{2701,205,24,6,580000000,0,10000},
{2702,205,25,6,586000000,201,10000},
{2703,205,26,6,592000000,0,10000},
{2704,205,27,6,598000000,0,10000},
{2705,205,28,6,604000000,0,10000},
{2706,205,29,6,610000000,201,10000},
{2707,205,30,6,616000000,0,10000},
{2708,205,31,6,622000000,0,10000},
{2709,205,32,6,628000000,0,10000},
{2710,205,33,6,634000000,201,10000},
{2711,205,34,6,641000000,0,10000},
{2712,205,35,6,647000000,0,10000},
{2713,205,36,6,654000000,0,10000},
{2714,205,37,6,660000000,201,10000},
{2715,205,38,6,667000000,0,10000},
{2716,205,39,6,674000000,0,10000},
{2717,205,40,6,680000000,0,10000},
{2718,205,41,6,687000000,201,10000},
{2719,205,42,6,694000000,0,10000},
{2720,205,43,6,701000000,0,10000},
{2721,205,44,6,708000000,0,10000},
{2722,205,45,6,715000000,201,10000},
{2723,205,46,6,722000000,0,10000},
{2724,205,47,6,729000000,0,10000},
{2725,205,48,6,737000000,0,10000},
{2726,205,49,6,744000000,201,10000},
{2727,205,50,6,751000000,0,10000},
{2728,205,51,6,759000000,0,10000},
{2729,205,52,6,767000000,0,10000},
{2730,205,53,6,774000000,201,10000},
{2731,205,54,6,782000000,0,10000},
{2732,205,55,6,790000000,0,10000},
{2733,205,56,6,798000000,0,10000},
{2734,205,57,6,806000000,201,10000},
{2735,205,58,6,814000000,0,10000},
{2736,205,59,6,822000000,0,10000},
{2737,205,60,6,830000000,0,10000},
{2738,205,61,6,838000000,203,10000},
{2739,205,62,6,847000000,0,10000},
{2740,205,63,6,855000000,0,10000},
{2741,205,64,6,864000000,0,10000},
{2742,205,65,6,872000000,201,10000},
{2743,205,66,6,881000000,0,10000},
{2744,205,67,6,890000000,0,10000},
{2745,205,68,6,899000000,0,10000},
{2746,205,69,6,908000000,201,10000},
{2747,205,70,6,917000000,0,10000},
{2748,205,71,6,926000000,0,10000},
{2749,205,72,6,935000000,0,10000},
{2750,205,73,6,945000000,201,10000},
{2751,205,74,6,954000000,0,10000},
{2752,205,75,6,964000000,0,10000},
{2753,205,76,6,973000000,0,10000},
{2754,205,77,6,983000000,201,10000},
{2755,205,78,6,993000000,0,10000},
{2756,205,79,6,1000000000,0,10000},
{2757,205,80,6,1010000000,0,10000},
{2758,205,81,6,1020000000,201,10000},
{2759,205,82,6,1030000000,0,10000},
{2760,205,83,6,1040000000,0,10000},
{2761,205,84,6,1050000000,0,10000},
{2762,205,85,6,1060000000,201,10000},
{2763,205,86,6,1080000000,0,10000},
{2764,205,87,6,1090000000,0,10000},
{2765,205,88,6,1100000000,0,10000},
{2766,205,89,6,1110000000,201,10000},
{2767,205,90,6,1120000000,0,10000},
{2768,205,91,6,1130000000,0,10000},
{2769,205,92,6,1140000000,0,10000},
{2770,205,93,6,1150000000,201,10000},
{2771,205,94,6,1160000000,0,10000},
{2772,205,95,6,1180000000,0,10000},
{2773,205,96,6,1190000000,0,10000},
{2774,205,97,6,1200000000,201,10000},
{2775,205,98,6,1210000000,0,10000},
{2776,205,99,6,1220000000,0,10000},
{2777,205,100,6,1240000000,0,10000},
{2778,205,101,6,1250000000,203,10000},
{2779,205,102,6,1260000000,0,10000},
{2780,205,103,6,1270000000,0,10000},
{2781,205,104,6,1290000000,0,10000}
},
Len=2781
}
return e 
