local e=
{
ByIdx={
{101,2,{0,0,0,0,0,0,0,0}},
{102,1,{4,0,3,0,1,0}},
{103,2,{0,0,0,0,0,0,0,0,0,0}},
{104,1,{1,0,3,0,4,0}},
{105,2,{0,0,0,0,0,0,0,0,0,0}},
{106,1,{5,0,4,0,3,2}},
{107,2,{0,0,0,0,0,0,0,0,0,0}},
{108,1,{2,0,3,0,4,5}},
{109,2,{0,0,0,0,0,0,0,0,0,0}},
{110,1,{7,6,0,0,5,4}},
{111,2,{0,0,0,0,0,0,0,0,0,0}},
{112,1,{6,5,0,0,4,3}},
{113,2,{0,0,0,0,0,0,0,0,0,0}},
{114,1,{4,3,2,1}},
{115,2,{0,0,0,0}},
{116,1,{3,2,1,1}},
{117,2,{0,0,0,0}},
{201,2,{0,0,0,0,0,0,0,0}},
{202,1,{1,0,2,0,3,0}},
{203,2,{0,0,0,0,0,0,0,0,0,0}},
{204,1,{3,0,4,0,5,0}},
{205,2,{0,0,0,0,0,0,0,0,0,0}},
{206,1,{7,6,0,0,5,4}},
{207,2,{0,0,0,0,0,0,0,0,0,0}},
{208,1,{5,6,7,0,0,0,6,6,7}},
{209,2,{0,0,0,0,0,0,0,0,0,0}},
{210,1,{6,5,0,0,4,3}},
{211,2,{0,0,0,0,0,0,0,0,0,0}},
{212,1,{3,4,5,0,0,0,4,5,6}},
{213,2,{0,0,0,0,0,0,0,0,0,0}},
{214,1,{7,6,0,0,5,4}},
{215,2,{0,0,0,0,0,0,0,0,0,0}},
{216,1,{2,0,3,0,4,5}},
{217,2,{0,0,0,0,0,0,0,0,0,0}},
{218,1,{5,0,6,0,5,0,4,0,3,3}},
{219,2,{0,0,0,0,0,0,0,0,0,0}},
{220,1,{4,0,5,0,4,0,3,0,2,2}},
{221,2,{0,0,0,0,0,0,0,0,0,0}},
{222,1,{2,0,0,0,1,1}},
{223,2,{0,0,0,0,0,0,0,0,0,0}},
{301,2,{0,0,0,0,0,0,0,0}},
{302,1,{3,0,4,5,6,0,7}},
{303,2,{0,0,0,0,0,0,0,0,0,0}},
{304,1,{7,0,6,0,5,0,4}},
{305,2,{0,0,0,0,0,0,0,0,0,0}},
{306,1,{3,0,4,0,5,6,7}},
{307,2,{0,0,0,0,0,0,0,0,0,0}},
{308,1,{7,0,6,0,5,0,4}},
{309,2,{0,0,0,0,0,0,0,0,0,0}},
{310,1,{1,2,0,1,2,0,2,3}},
{311,2,{0,0,0,0,0,0,0,0,0,0}},
{312,1,{4,5,0,6,7,0,8,0}},
{313,2,{0,0,0,0,0,0,0,0,0,0}},
{314,1,{2,0,3,0,5,6,0,7}},
{315,2,{0,0,0,0,0,0,0,0,0,0}},
{316,1,{1,0,2,0,3,0,4,5}},
{317,2,{0,0,0,0,0,0,0,0,0,0}},
{318,1,{2,3,0,4,5,0,0,7}},
{319,2,{0,0,0,0,0,0,0,0,0,0}},
{320,1,{3,4,0,0,0,5,6,7}},
{321,2,{0,0,0,0,0,0,0,0,0,0}},
{322,1,{4,5,6,7,8,0,7,6,5}},
{323,2,{0,0,0,0,0,0,0,0,0,0}},
{401,2,{0,0,0,0,0,0,0,0}},
{402,1,{7,0,6,0,5,0,4}},
{403,2,{0,0,0,0,0,0,0,0,0,0}},
{404,1,{7,0,6,0,5,0,4}},
{405,2,{0,0,0,0,0,0,0,0,0,0}},
{406,1,{1,2,0,1,2,0,2,3}},
{407,2,{0,0,0,0,0,0,0,0,0,0}},
{408,1,{3,4,5,0,0,6,7,8}},
{409,2,{0,0,0,0,0,0,0,0,0,0}},
{410,1,{3,0,4,0,5,6,7,8}},
{411,2,{0,0,0,0,0,0,0,0,0,0}},
{412,1,{3,4,5,0,0,6,7,8}},
{413,2,{0,0,0,0,0,0,0,0,0,0}},
{414,1,{3,0,4,0,5,6,7,8}},
{415,2,{0,0,0,0,0,0,0,0,0,0}},
{416,1,{4,5,6,7,8,0,7,6,5}},
{417,2,{0,0,0,0,0,0,0,0,0,0}},
{418,1,{1,0,2,3,0,4,5,6,0}},
{419,2,{0,0,0,0,0,0,0,0,0,0}},
{420,1,{3,4,0,5,0,0,6,7,8}},
{421,2,{0,0,0,0,0,0,0,0,0,0}},
{422,1,{8,7,6,0,5,4,3,0,2}},
{423,2,{0,0,0,0,0,0,0,0,0,0}},
{501,2,{0,0,0,0,0,0,0,0}},
{502,1,{1,0,2,0,3,0,4,0}},
{503,2,{0,0,0,0,0,0,0,0}},
{504,1,{4,3,2,1}},
{505,2,{0,0,0,0,0,0,0,0}},
{506,1,{5,4,3,0,2,1}},
{507,2,{0,0,0,0,0,0,0,0,0,0}},
{508,1,{6,5,4,0,3,2}},
{509,2,{0,0,0,0,0,0,0,0,0,0}},
{510,1,{1,2,3,4,0,0,4,0}},
{511,2,{0,0,0,0,0,0,0,0}},
{512,1,{7,6,5,4,0,0,3,0}},
{513,2,{0,0,0,0,0,0,0,0}},
{514,1,{1,0,2,0,3,0,4,0}},
{515,2,{0,0,0,0,0,0,0,0}},
{516,1,{7,6,5,4,3,0,1,0}},
{517,2,{0,0,0,0,0,0,0,0}},
{518,1,{1,2,3,4,5,0,7,0}},
{519,2,{0,0,0,0,0,0,0,0}},
{520,1,{1,2,3,4}},
{521,2,{0,0,0,0}},
{522,1,{4,3,2,1}},
{523,2,{0,0,0,0}},
{601,2,{0,0,0,0,0,0,0,0}},
{602,1,{3,3,3}},
{603,2,{0,0,0,0,0,0,0,0,0}},
{604,1,{5,4,3,0,0,1}},
{605,2,{0,0,0,0,0,0,0,0,0}},
{606,1,{2,3,4,0,0,6}},
{607,2,{0,0,0,0,0,0,0,0,0}},
{608,1,{7,0,0,0,6,5,0,0,3,2}},
{609,2,{0,0,0,0,0}},
{610,1,{6,0,0,0,5,4,0,0,2,1}},
{611,2,{0,0,0,0,0,0}},
{612,1,{1,2,3,0,0,0,4,5,6}},
{613,2,{0,0,0,0,0,0}},
{614,1,{6,5,4,0,0,0,3,2,1}},
{615,2,{0,0,0,0,0,0}},
{616,1,{4,0,3,0,1,0}},
{617,2,{0,0,0,0,0,0,0,0}},
{618,1,{7,0,6,0,5,0,4,0,3,3}},
{619,2,{0,0,0,0,0,0,0}},
{620,1,{5,0,4,0,3,0,2,0,1,1}},
{621,2,{0,0,0,0,0,0,0}},
{622,1,{1,2,1,2,1,2,1}},
{623,2,{0,0,0,0,0,0,0}},
{701,2,{0,0,0,0,0,0,0,0}},
{702,1,{3,0,4,5,6,0,7}},
{703,2,{0,0,0,0,0,0,0,0,0,0}},
{704,1,{1,0,2,0,3,0,4,0}},
{705,2,{0,0,0,0,0,0,0,0,0,0,0}},
{706,1,{7,0,0,0,6,5,0,0,3,2}},
{707,2,{0,0,0,0,0,0,0,0,0,0,0}},
{708,1,{7,6,5,4,0,0,3,0}},
{709,2,{0,0,0,0,0,0,0,0,0,0}},
{710,1,{1,2,3,0,0,0,4,5,6}},
{711,2,{0,0,0,0,0,0,0,0,0,0,0}},
{712,1,{1,2,1,2,1,2,1}},
{713,2,{0,0,0,0,0,0,0,0,0,0}},
{714,1,{1,2,3,4,5,0,7,0}},
{715,2,{0,0,0,0,0,0,0,0,0,0,0}},
{716,1,{6,5,4,0,3,2}},
{717,2,{0,0,0,0,0,0,0,0,0}},
{718,1,{8,7,6,0,5,4,3,0,2}},
{719,2,{0,0,0,0,0,0,0}},
{720,1,{6,5,4,0,0,6,5,4,0,3,3,2,2,0,1,1}},
{721,2,{0}},
{722,1,{8,8,0,7,6,5,4,0,0,3,2,2,0,0,2,1}},
{723,2,{0,0,0,0,0,0,0,0,0,0,0}}
},
Len=155
}
return e 
