local e=
{
ByIdx={
{1,1,{-1,0,0,-1,-1,-1,0,-1,-1,-1,-1,-1,-1,-1,-1,-1,-1,-1,0,-1,-1,-1,-1,0,-1},{{26479,10}}},
{2,1,{-1,-1,0,0,-1,0,-1,-1,-1,-1,0,0,-1,-1,-1,0,-1,-1,-1,-1,-1,-1,-1,0,-1},{{26479,10}}},
{3,1,{-1,-1,-1,-1,-1,-1,0,-1,-1,0,0,0,0,-1,0,-1,0,-1,-1,-1,0,-1,-1,-1,-1},{{26479,10}}},
{4,2,{-1,-1,-1,-1,-1,-1,0,-1,-1,0,0,0,0,0,0,-1,0,-1,-1,0,-1,-1,-1,-1,-1},{{26479,10}}},
{5,2,{-1,-1,0,0,0,-1,-1,0,-1,0,-1,-1,0,0,0,-1,-1,-1,-1,-1,-1,-1,-1,-1,-1},{{26479,10}}},
{6,3,{0,-1,0,-1,-1,-1,-1,0,0,1,-1,-1,-1,-1,-1,-1,-1,0,-1,-1,0,-1,-1,-1,0},{{26479,10}}},
{7,3,{-1,-1,-1,-1,-1,-1,-1,-1,-1,-1,-1,0,1,0,0,0,-1,-1,-1,-1,0,-1,-1,-1,-1},{{26479,10}}},
{8,4,{-1,0,0,0,0,-1,-1,-1,-1,0,-1,0,0,0,0,-1,-1,-1,-1,-1,-1,-1,-1,-1,-1},{{26479,10}}},
{9,4,{-1,0,0,-1,-1,-1,0,-1,-1,-1,-1,-1,-1,0,-1,0,0,-1,0,-1,0,-1,-1,0,-1},{{26479,10}}}
},
Len=9
}
return e 
