rs_yaoshi.png
size:2048,256
filter:Linear,Linear
1
bounds:305,61,99,108
offsets:297,242,656,720
10
bounds:607,58,95,111
offsets:298,255,656,720
11
bounds:900,60,95,109
offsets:298,257,656,720
12
bounds:704,58,94,111
offsets:298,257,656,720
13
bounds:1097,60,94,109
offsets:298,258,656,720
14
bounds:1292,62,95,107
offsets:296,259,656,720
15
bounds:1389,63,94,106
offsets:296,260,656,720
16
bounds:1578,72,91,97
offsets:298,261,656,720
17
bounds:1485,71,91,98
offsets:297,261,656,720
18
bounds:1671,73,88,96
offsets:299,262,656,720
19
bounds:1761,74,85,95
offsets:301,263,656,720
2
bounds:406,64,101,105
offsets:295,247,656,720
20
bounds:1848,74,84,95
offsets:300,264,656,720
21
bounds:1934,81,74,88
offsets:309,265,656,720
22
bounds:1761,2,75,70
offsets:307,265,656,720
23
bounds:1934,7,76,72
offsets:306,265,656,720
24
bounds:997,2,73,60
offsets:309,265,656,720
25
bounds:406,2,73,60
offsets:309,265,656,720
26
bounds:1485,9,72,60
offsets:309,265,656,720
27
bounds:1193,2,72,60
offsets:309,265,656,720
28
bounds:1267,2,72,58
offsets:309,266,656,720
29
bounds:800,3,72,58
offsets:309,266,656,720
3
bounds:1193,64,97,105
offsets:298,248,656,720
4
bounds:997,64,98,105
offsets:297,249,656,720
5
bounds:800,63,98,106
offsets:297,250,656,720
6
bounds:204,61,99,108
offsets:296,251,656,720
7
bounds:2,60,101,109
offsets:294,252,656,720
8
bounds:509,59,96,110
offsets:298,253,656,720
9
bounds:105,58,97,111
offsets:297,254,656,720
