local e=
{
ByIdx={
{1,"solderName_1",{1003,1008,1002,1010,1001}},
{2,"solderName_2",{1006,1014,1004,1005,1016,1030}},
{3,"solderName_3",{1011,1013,1022,1009,1016,1028,1045,1050,1065,1067,21084,21085,21086,31106,31107,31113,31119}},
{4,"solderName_4",{1024,1037,1015,1033,1035,1029,1046,1047,1056,1055,1060,1063,21078,21089,31105,31112,31118}},
{5,"solderName_5",{1038,1018,1042,1034,1007,1027,1032,1053,1059,1051,1068,21076,21079,21088,31103,31111,31117}},
{6,"solderName_6",{1019,1012,1016,1041,1020,1040,1049,1043,1054,1064,1066,21074,21080,21082,21090,31110,31116,31122}},
{7,"solderName_7",{1023,1024,1036,1025,1017,1026,1044,1052,1061,1062,21072,21070,21081,21087,21104,31109,31115,31121}},
{8,"solderName_8",{1038,1018,1021,1024,1037,1039,1031,1048,1057,1058,21073,21077,21075,21083,21101,31108,31114,31120}}
},
Len=8
}
return e 
